1000 15021 15002
2000 30021 30002
3000 45021 45002
4000 60021 60002
5000 75021 75002
6000 90021 90002
7000 105021 105002
8000 120021 120002
9000 135021 135002
10000 150021 150002
1000 30029 29991
2000 60029 59991
3000 90029 89991
4000 120029 119991
5000 150029 149991
6000 180029 179991
7000 210029 209991
8000 240029 239991
9000 270029 269991
10000 300029 299991
1000 45037 44965
2000 90037 89965
3000 135037 134965
4000 180037 179965
5000 225037 224965
6000 270037 269965
7000 315037 314965
8000 360037 359965
9000 405037 404965
10000 450037 449965
1000 60045 59924
2000 120045 119924
3000 180045 179924
4000 240045 239924
5000 300045 299924
6000 360045 359924
7000 420045 419924
8000 480045 479924
9000 540045 539924
10000 600045 599924
1000 75053 74868
2000 150053 149868
3000 225053 224868
4000 300053 299868
5000 375053 374868
6000 450053 449868
7000 525053 524868
8000 600053 599868
9000 675053 674868
10000 750053 749868
1000 90061 89797
2000 180061 179797
3000 270061 269797
4000 360061 359797
5000 450061 449797
6000 540061 539797
7000 630061 629797
8000 720061 719797
9000 810061 809797
10000 900061 899797
1000 105069 104711
2000 210069 209711
3000 315069 314711
4000 420069 419711
5000 525069 524711
6000 630069 629711
7000 735069 734711
8000 840069 839711
9000 945069 944711
10000 1050069 1049711
1000 120077 119610
2000 240077 239610
3000 360077 359610
4000 480077 479610
5000 600077 599610
6000 720077 719610
7000 840077 839610
8000 960077 959610
9000 1080077 1079610
10000 1200077 1199610
1000 135085 134494
2000 270085 269494
3000 405085 404494
4000 540085 539494
5000 675085 674494
6000 810085 809494
7000 945085 944494
8000 1080085 1079494
9000 1215085 1214494
10000 1350085 1349494
1000 150093 149363
2000 300093 299363
3000 450093 449363
4000 600093 599363
5000 750093 749363
6000 900093 899363
7000 1050093 1049363
8000 1200093 1199363
9000 1350093 1349363
10000 1500093 1499363
1000 165101 164217
2000 330101 329217
3000 495101 494217
4000 660101 659217
5000 825101 824217
6000 990101 989217
7000 1155101 1154217
8000 1320101 1319217
9000 1485101 1484217
10000 1650101 1649217
1000 180109 179056
2000 360109 359056
3000 540109 539056
4000 720109 719056
5000 900109 899056
6000 1080109 1079056
7000 1260109 1259056
8000 1440109 1439056
9000 1620109 1619056
10000 1800109 1799056
1000 195117 193880
2000 390117 388880
3000 585117 583880
4000 780117 778880
5000 975117 973880
6000 1170117 1168880
7000 1365117 1363880
8000 1560117 1558880
9000 1755117 1753880
10000 1950117 1948880
1000 210125 208689
2000 420125 418689
3000 630125 628689
4000 840125 838689
5000 1050125 1048689
6000 1260125 1258689
7000 1470125 1468689
8000 1680125 1678689
9000 1890125 1888689
10000 2100125 2098689
1000 225133 223483
2000 450133 448483
3000 675133 673483
4000 900133 898483
5000 1125133 1123483
6000 1350133 1348483
7000 1575133 1573483
8000 1800133 1798483
9000 2025133 2023483
10000 2250133 2248483
1000 240141 238262
2000 480141 478262
3000 720141 718262
4000 960141 958262
5000 1200141 1198262
6000 1440141 1438262
7000 1680141 1678262
8000 1920141 1918262
9000 2160141 2158262
10000 2400141 2398262
1000 255149 253026
2000 510149 508026
3000 765149 763026
4000 1020149 1018026
5000 1275149 1273026
6000 1530149 1528026
7000 1785149 1783026
8000 2040149 2038026
9000 2295149 2293026
10000 2550149 2548026
1000 270157 267775
2000 540157 537775
3000 810157 807775
4000 1080157 1077775
5000 1350157 1347775
6000 1620157 1617775
7000 1890157 1887775
8000 2160157 2157775
9000 2430157 2427775
10000 2700157 2697775
1000 285165 282509
2000 570165 567509
3000 855165 852509
4000 1140165 1137509
5000 1425165 1422509
6000 1710165 1707509
7000 1995165 1992509
8000 2280165 2277509
9000 2565165 2562509
10000 2850165 2847509
1000 300173 297228
2000 600173 597228
3000 900173 897228
4000 1200173 1197228
5000 1500173 1497228
6000 1800173 1797228
7000 2100173 2097228
8000 2400173 2397228
9000 2700173 2697228
10000 3000173 2997228
1000 315181 311932
2000 630181 626932
3000 945181 941932
4000 1260181 1256932
5000 1575181 1571932
6000 1890181 1886932
7000 2205181 2201932
8000 2520181 2516932
9000 2835181 2831932
10000 3150181 3146932
1000 330189 326621
2000 660189 656621
3000 990189 986621
4000 1320189 1316621
5000 1650189 1646621
6000 1980189 1976621
7000 2310189 2306621
8000 2640189 2636621
9000 2970189 2966621
10000 3300189 3296621
1000 345197 341295
2000 690197 686295
3000 1035197 1031295
4000 1380197 1376295
5000 1725197 1721295
6000 2070197 2066295
7000 2415197 2411295
8000 2760197 2756295
9000 3105197 3101295
10000 3450197 3446295
1000 360205 355954
2000 720205 715954
3000 1080205 1075954
4000 1440205 1435954
5000 1800205 1795954
6000 2160205 2155954
7000 2520205 2515954
8000 2880205 2875954
9000 3240205 3235954
10000 3600205 3595954
1000 375213 370598
2000 750213 745598
3000 1125213 1120598
4000 1500213 1495598
5000 1875213 1870598
6000 2250213 2245598
7000 2625213 2620598
8000 3000213 2995598
9000 3375213 3370598
10000 3750213 3745598
1000 390221 385227
2000 780221 775227
3000 1170221 1165227
4000 1560221 1555227
5000 1950221 1945227
6000 2340221 2335227
7000 2730221 2725227
8000 3120221 3115227
9000 3510221 3505227
10000 3900221 3895227
1000 405229 399841
2000 810229 804841
3000 1215229 1209841
4000 1620229 1614841
5000 2025229 2019841
6000 2430229 2424841
7000 2835229 2829841
8000 3240229 3234841
9000 3645229 3639841
10000 4050229 4044841
1000 420237 414440
2000 840237 834440
3000 1260237 1254440
4000 1680237 1674440
5000 2100237 2094440
6000 2520237 2514440
7000 2940237 2934440
8000 3360237 3354440
9000 3780237 3774440
10000 4200237 4194440
1000 435245 429024
2000 870245 864024
3000 1305245 1299024
4000 1740245 1734024
5000 2175245 2169024
6000 2610245 2604024
7000 3045245 3039024
8000 3480245 3474024
9000 3915245 3909024
10000 4350245 4344024
1000 450253 443593
2000 900253 893593
3000 1350253 1343593
4000 1800253 1793593
5000 2250253 2243593
6000 2700253 2693593
7000 3150253 3143593
8000 3600253 3593593
9000 4050253 4043593
10000 4500253 4493593
1000 465261 458147
2000 930261 923147
3000 1395261 1388147
4000 1860261 1853147
5000 2325261 2318147
6000 2790261 2783147
7000 3255261 3248147
8000 3720261 3713147
9000 4185261 4178147
10000 4650261 4643147
1000 480269 472686
2000 960269 952686
3000 1440269 1432686
4000 1920269 1912686
5000 2400269 2392686
6000 2880269 2872686
7000 3360269 3352686
8000 3840269 3832686
9000 4320269 4312686
10000 4800269 4792686
1000 495277 487210
2000 990277 982210
3000 1485277 1477210
4000 1980277 1972210
5000 2475277 2467210
6000 2970277 2962210
7000 3465277 3457210
8000 3960277 3952210
9000 4455277 4447210
10000 4950277 4942210
1000 510285 501719
2000 1020285 1011719
3000 1530285 1521719
4000 2040285 2031719
5000 2550285 2541719
6000 3060285 3051719
7000 3570285 3561719
8000 4080285 4071719
9000 4590285 4581719
10000 5100285 5091719
1000 525293 516213
2000 1050293 1041213
3000 1575293 1566213
4000 2100293 2091213
5000 2625293 2616213
6000 3150293 3141213
7000 3675293 3666213
8000 4200293 4191213
9000 4725293 4716213
10000 5250293 5241213
1000 540301 530692
2000 1080301 1070692
3000 1620301 1610692
4000 2160301 2150692
5000 2700301 2690692
6000 3240301 3230692
7000 3780301 3770692
8000 4320301 4310692
9000 4860301 4850692
10000 5400301 5390692
1000 555309 545156
2000 1110309 1100156
3000 1665309 1655156
4000 2220309 2210156
5000 2775309 2765156
6000 3330309 3320156
7000 3885309 3875156
8000 4440309 4430156
9000 4995309 4985156
10000 5550309 5540156
1000 570317 559605
2000 1140317 1129605
3000 1710317 1699605
4000 2280317 2269605
5000 2850317 2839605
6000 3420317 3409605
7000 3990317 3979605
8000 4560317 4549605
9000 5130317 5119605
10000 5700317 5689605
1000 585325 574039
2000 1170325 1159039
3000 1755325 1744039
4000 2340325 2329039
5000 2925325 2914039
6000 3510325 3499039
7000 4095325 4084039
8000 4680325 4669039
9000 5265325 5254039
10000 5850325 5839039
1000 600333 588458
2000 1200333 1188458
3000 1800333 1788458
4000 2400333 2388458
5000 3000333 2988458
6000 3600333 3588458
7000 4200333 4188458
8000 4800333 4788458
9000 5400333 5388458
10000 6000333 5988458
1000 615341 602862
2000 1230341 1217862
3000 1845341 1832862
4000 2460341 2447862
5000 3075341 3062862
6000 3690341 3677862
7000 4305341 4292862
8000 4920341 4907862
9000 5535341 5522862
10000 6150341 6137862
1000 630349 617251
2000 1260349 1247251
3000 1890349 1877251
4000 2520349 2507251
5000 3150349 3137251
6000 3780349 3767251
7000 4410349 4397251
8000 5040349 5027251
9000 5670349 5657251
10000 6300349 6287251
1000 645357 631625
2000 1290357 1276625
3000 1935357 1921625
4000 2580357 2566625
5000 3225357 3211625
6000 3870357 3856625
7000 4515357 4501625
8000 5160357 5146625
9000 5805357 5791625
10000 6450357 6436625
1000 660365 645984
2000 1320365 1305984
3000 1980365 1965984
4000 2640365 2625984
5000 3300365 3285984
6000 3960365 3945984
7000 4620365 4605984
8000 5280365 5265984
9000 5940365 5925984
10000 6600365 6585984
1000 675373 660328
2000 1350373 1335328
3000 2025373 2010328
4000 2700373 2685328
5000 3375373 3360328
6000 4050373 4035328
7000 4725373 4710328
8000 5400373 5385328
9000 6075373 6060328
10000 6750373 6735328
1000 690381 674657
2000 1380381 1364657
3000 2070381 2054657
4000 2760381 2744657
5000 3450381 3434657
6000 4140381 4124657
7000 4830381 4814657
8000 5520381 5504657
9000 6210381 6194657
10000 6900381 6884657
1000 705389 688971
2000 1410389 1393971
3000 2115389 2098971
4000 2820389 2803971
5000 3525389 3508971
6000 4230389 4213971
7000 4935389 4918971
8000 5640389 5623971
9000 6345389 6328971
10000 7050389 7033971
1000 720397 703270
2000 1440397 1423270
3000 2160397 2143270
4000 2880397 2863270
5000 3600397 3583270
6000 4320397 4303270
7000 5040397 5023270
8000 5760397 5743270
9000 6480397 6463270
10000 7200397 7183270
1000 735405 717554
2000 1470405 1452554
3000 2205405 2187554
4000 2940405 2922554
5000 3675405 3657554
6000 4410405 4392554
7000 5145405 5127554
8000 5880405 5862554
9000 6615405 6597554
10000 7350405 7332554
1000 750413 731823
2000 1500413 1481823
3000 2250413 2231823
4000 3000413 2981823
5000 3750413 3731823
6000 4500413 4481823
7000 5250413 5231823
8000 6000413 5981823
9000 6750413 6731823
10000 7500413 7481823
1000 765421 746077
2000 1530421 1511077
3000 2295421 2276077
4000 3060421 3041077
5000 3825421 3806077
6000 4590421 4571077
7000 5355421 5336077
8000 6120421 6101077
9000 6885421 6866077
10000 7650421 7631077
1000 780429 760316
2000 1560429 1540316
3000 2340429 2320316
4000 3120429 3100316
5000 3900429 3880316
6000 4680429 4660316
7000 5460429 5440316
8000 6240429 6220316
9000 7020429 7000316
10000 7800429 7780316
1000 795437 774540
2000 1590437 1569540
3000 2385437 2364540
4000 3180437 3159540
5000 3975437 3954540
6000 4770437 4749540
7000 5565437 5544540
8000 6360437 6339540
9000 7155437 7134540
10000 7950437 7929540
1000 810445 788749
2000 1620445 1598749
3000 2430445 2408749
4000 3240445 3218749
5000 4050445 4028749
6000 4860445 4838749
7000 5670445 5648749
8000 6480445 6458749
9000 7290445 7268749
10000 8100445 8078749
1000 825453 802943
2000 1650453 1627943
3000 2475453 2452943
4000 3300453 3277943
5000 4125453 4102943
6000 4950453 4927943
7000 5775453 5752943
8000 6600453 6577943
9000 7425453 7402943
10000 8250453 8227943
1000 840461 817122
2000 1680461 1657122
3000 2520461 2497122
4000 3360461 3337122
5000 4200461 4177122
6000 5040461 5017122
7000 5880461 5857122
8000 6720461 6697122
9000 7560461 7537122
10000 8400461 8377122
1000 855469 831286
2000 1710469 1686286
3000 2565469 2541286
4000 3420469 3396286
5000 4275469 4251286
6000 5130469 5106286
7000 5985469 5961286
8000 6840469 6816286
9000 7695469 7671286
10000 8550469 8526286
1000 870477 845435
2000 1740477 1715435
3000 2610477 2585435
4000 3480477 3455435
5000 4350477 4325435
6000 5220477 5195435
7000 6090477 6065435
8000 6960477 6935435
9000 7830477 7805435
10000 8700477 8675435
1000 885485 859569
2000 1770485 1744569
3000 2655485 2629569
4000 3540485 3514569
5000 4425485 4399569
6000 5310485 5284569
7000 6195485 6169569
8000 7080485 7054569
9000 7965485 7939569
10000 8850485 8824569
1000 900493 873688
2000 1800493 1773688
3000 2700493 2673688
4000 3600493 3573688
5000 4500493 4473688
6000 5400493 5373688
7000 6300493 6273688
8000 7200493 7173688
9000 8100493 8073688
10000 9000493 8973688
1000 915501 887792
2000 1830501 1802792
3000 2745501 2717792
4000 3660501 3632792
5000 4575501 4547792
6000 5490501 5462792
7000 6405501 6377792
8000 7320501 7292792
9000 8235501 8207792
10000 9150501 9122792
1000 930509 901881
2000 1860509 1831881
3000 2790509 2761881
4000 3720509 3691881
5000 4650509 4621881
6000 5580509 5551881
7000 6510509 6481881
8000 7440509 7411881
9000 8370509 8341881
10000 9300509 9271881
1000 945517 915955
2000 1890517 1860955
3000 2835517 2805955
4000 3780517 3750955
5000 4725517 4695955
6000 5670517 5640955
7000 6615517 6585955
8000 7560517 7530955
9000 8505517 8475955
10000 9450517 9420955
1000 960525 930014
2000 1920525 1890014
3000 2880525 2850014
4000 3840525 3810014
5000 4800525 4770014
6000 5760525 5730014
7000 6720525 6690014
8000 7680525 7650014
9000 8640525 8610014
10000 9600525 9570014
1000 975533 944058
2000 1950533 1919058
3000 2925533 2894058
4000 3900533 3869058
5000 4875533 4844058
6000 5850533 5819058
7000 6825533 6794058
8000 7800533 7769058
9000 8775533 8744058
10000 9750533 9719058
1000 990541 958087
2000 1980541 1948087
3000 2970541 2938087
4000 3960541 3928087
5000 4950541 4918087
6000 5940541 5908087
7000 6930541 6898087
8000 7920541 7888087
9000 8910541 8878087
10000 9900541 9868087
1000 1005549 972101
2000 2010549 1977101
3000 3015549 2982101
4000 4020549 3987101
5000 5025549 4992101
6000 6030549 5997101
7000 7035549 7002101
8000 8040549 8007101
9000 9045549 9012101
10000 10050549 10017101
1000 1020557 986100
2000 2040557 2006100
3000 3060557 3026100
4000 4080557 4046100
5000 5100557 5066100
6000 6120557 6086100
7000 7140557 7106100
8000 8160557 8126100
9000 9180557 9146100
10000 10200557 10166100
1000 1035565 1000084
2000 2070565 2035084
3000 3105565 3070084
4000 4140565 4105084
5000 5175565 5140084
6000 6210565 6175084
7000 7245565 7210084
8000 8280565 8245084
9000 9315565 9280084
10000 10350565 10315084
1000 1050573 1014053
2000 2100573 2064053
3000 3150573 3114053
4000 4200573 4164053
5000 5250573 5214053
6000 6300573 6264053
7000 7350573 7314053
8000 8400573 8364053
9000 9450573 9414053
10000 10500573 10464053
1000 1065581 1028007
2000 2130581 2093007
3000 3195581 3158007
4000 4260581 4223007
5000 5325581 5288007
6000 6390581 6353007
7000 7455581 7418007
8000 8520581 8483007
9000 9585581 9548007
10000 10650581 10613007
1000 1080589 1041946
2000 2160589 2121946
3000 3240589 3201946
4000 4320589 4281946
5000 5400589 5361946
6000 6480589 6441946
7000 7560589 7521946
8000 8640589 8601946
9000 9720589 9681946
10000 10800589 10761946
1000 1095597 1055870
2000 2190597 2150870
3000 3285597 3245870
4000 4380597 4340870
5000 5475597 5435870
6000 6570597 6530870
7000 7665597 7625870
8000 8760597 8720870
9000 9855597 9815870
10000 10950597 10910870
1000 1110605 1069779
2000 2220605 2179779
3000 3330605 3289779
4000 4440605 4399779
5000 5550605 5509779
6000 6660605 6619779
7000 7770605 7729779
8000 8880605 8839779
9000 9990605 9949779
10000 11100605 11059779
1000 1125613 1083673
2000 2250613 2208673
3000 3375613 3333673
4000 4500613 4458673
5000 5625613 5583673
6000 6750613 6708673
7000 7875613 7833673
8000 9000613 8958673
9000 10125613 10083673
10000 11250613 11208673
1000 1140621 1097552
2000 2280621 2237552
3000 3420621 3377552
4000 4560621 4517552
5000 5700621 5657552
6000 6840621 6797552
7000 7980621 7937552
8000 9120621 9077552
9000 10260621 10217552
10000 11400621 11357552
1000 1155629 1111416
2000 2310629 2266416
3000 3465629 3421416
4000 4620629 4576416
5000 5775629 5731416
6000 6930629 6886416
7000 8085629 8041416
8000 9240629 9196416
9000 10395629 10351416
10000 11550629 11506416
1000 1170637 1125265
2000 2340637 2295265
3000 3510637 3465265
4000 4680637 4635265
5000 5850637 5805265
6000 7020637 6975265
7000 8190637 8145265
8000 9360637 9315265
9000 10530637 10485265
10000 11700637 11655265
1000 1185645 1139099
2000 2370645 2324099
3000 3555645 3509099
4000 4740645 4694099
5000 5925645 5879099
6000 7110645 7064099
7000 8295645 8249099
8000 9480645 9434099
9000 10665645 10619099
10000 11850645 11804099
1000 1200653 1152918
2000 2400653 2352918
3000 3600653 3552918
4000 4800653 4752918
5000 6000653 5952918
6000 7200653 7152918
7000 8400653 8352918
8000 9600653 9552918
9000 10800653 10752918
10000 12000653 11952918
1000 1215661 1166722
2000 2430661 2381722
3000 3645661 3596722
4000 4860661 4811722
5000 6075661 6026722
6000 7290661 7241722
7000 8505661 8456722
8000 9720661 9671722
9000 10935661 10886722
10000 12150661 12101722
1000 1230669 1180511
2000 2460669 2410511
3000 3690669 3640511
4000 4920669 4870511
5000 6150669 6100511
6000 7380669 7330511
7000 8610669 8560511
8000 9840669 9790511
9000 11070669 11020511
10000 12300669 12250511
1000 1245677 1194285
2000 2490677 2439285
3000 3735677 3684285
4000 4980677 4929285
5000 6225677 6174285
6000 7470677 7419285
7000 8715677 8664285
8000 9960677 9909285
9000 11205677 11154285
10000 12450677 12399285
1000 1260685 1208044
2000 2520685 2468044
3000 3780685 3728044
4000 5040685 4988044
5000 6300685 6248044
6000 7560685 7508044
7000 8820685 8768044
8000 10080685 10028044
9000 11340685 11288044
10000 12600685 12548044
1000 1275693 1221788
2000 2550693 2496788
3000 3825693 3771788
4000 5100693 5046788
5000 6375693 6321788
6000 7650693 7596788
7000 8925693 8871788
8000 10200693 10146788
9000 11475693 11421788
10000 12750693 12696788
1000 1290701 1235517
2000 2580701 2525517
3000 3870701 3815517
4000 5160701 5105517
5000 6450701 6395517
6000 7740701 7685517
7000 9030701 8975517
8000 10320701 10265517
9000 11610701 11555517
10000 12900701 12845517
1000 1305709 1249231
2000 2610709 2554231
3000 3915709 3859231
4000 5220709 5164231
5000 6525709 6469231
6000 7830709 7774231
7000 9135709 9079231
8000 10440709 10384231
9000 11745709 11689231
10000 13050709 12994231
1000 1320717 1262930
2000 2640717 2582930
3000 3960717 3902930
4000 5280717 5222930
5000 6600717 6542930
6000 7920717 7862930
7000 9240717 9182930
8000 10560717 10502930
9000 11880717 11822930
10000 13200717 13142930
1000 1335725 1276614
2000 2670725 2611614
3000 4005725 3946614
4000 5340725 5281614
5000 6675725 6616614
6000 8010725 7951614
7000 9345725 9286614
8000 10680725 10621614
9000 12015725 11956614
10000 13350725 13291614
1000 1350733 1290283
2000 2700733 2640283
3000 4050733 3990283
4000 5400733 5340283
5000 6750733 6690283
6000 8100733 8040283
7000 9450733 9390283
8000 10800733 10740283
9000 12150733 12090283
10000 13500733 13440283
1000 1365741 1303937
2000 2730741 2668937
3000 4095741 4033937
4000 5460741 5398937
5000 6825741 6763937
6000 8190741 8128937
7000 9555741 9493937
8000 10920741 10858937
9000 12285741 12223937
10000 13650741 13588937
1000 1380749 1317576
2000 2760749 2697576
3000 4140749 4077576
4000 5520749 5457576
5000 6900749 6837576
6000 8280749 8217576
7000 9660749 9597576
8000 11040749 10977576
9000 12420749 12357576
10000 13800749 13737576
1000 1395757 1331200
2000 2790757 2726200
3000 4185757 4121200
4000 5580757 5516200
5000 6975757 6911200
6000 8370757 8306200
7000 9765757 9701200
8000 11160757 11096200
9000 12555757 12491200
10000 13950757 13886200
1000 1410765 1344809
2000 2820765 2754809
3000 4230765 4164809
4000 5640765 5574809
5000 7050765 6984809
6000 8460765 8394809
7000 9870765 9804809
8000 11280765 11214809
9000 12690765 12624809
10000 14100765 14034809
1000 1425773 1358403
2000 2850773 2783403
3000 4275773 4208403
4000 5700773 5633403
5000 7125773 7058403
6000 8550773 8483403
7000 9975773 9908403
8000 11400773 11333403
9000 12825773 12758403
10000 14250773 14183403
1000 1440781 1371982
2000 2880781 2811982
3000 4320781 4251982
4000 5760781 5691982
5000 7200781 7131982
6000 8640781 8571982
7000 10080781 10011982
8000 11520781 11451982
9000 12960781 12891982
10000 14400781 14331982
1000 1455789 1385546
2000 2910789 2840546
3000 4365789 4295546
4000 5820789 5750546
5000 7275789 7205546
6000 8730789 8660546
7000 10185789 10115546
8000 11640789 11570546
9000 13095789 13025546
10000 14550789 14480546
1000 1470797 1399095
2000 2940797 2869095
3000 4410797 4339095
4000 5880797 5809095
5000 7350797 7279095
6000 8820797 8749095
7000 10290797 10219095
8000 11760797 11689095
9000 13230797 13159095
10000 14700797 14629095
1000 1485805 1412629
2000 2970805 2897629
3000 4455805 4382629
4000 5940805 5867629
5000 7425805 7352629
6000 8910805 8837629
7000 10395805 10322629
8000 11880805 11807629
9000 13365805 13292629
10000 14850805 14777629
1000 1500813 1426148
2000 3000813 2926148
3000 4500813 4426148
4000 6000813 5926148
5000 7500813 7426148
6000 9000813 8926148
7000 10500813 10426148
8000 12000813 11926148
9000 13500813 13426148
10000 15000813 14926148
