1000 15021 15002
2000 30021 30002
3000 45021 45002
4000 60021 60002
5000 75021 75002
6000 90021 90002
7000 105021 105002
8000 120021 120002
9000 135021 135002
10000 150021 150002
1000 30029 30010
2000 60029 60010
3000 90029 90010
4000 120029 120010
5000 150029 150010
6000 180029 180010
7000 210029 210010
8000 240029 240010
9000 270029 270010
10000 300029 300010
1000 45037 45018
2000 90037 90018
3000 135037 135018
4000 180037 180018
5000 225037 225018
6000 270037 270018
7000 315037 315018
8000 360037 360018
9000 405037 405018
10000 450037 450018
1000 60045 60026
2000 120045 120026
3000 180045 180026
4000 240045 240026
5000 300045 300026
6000 360045 360026
7000 420045 420026
8000 480045 480026
9000 540045 540026
10000 600045 600026
1000 75053 75034
2000 150053 150034
3000 225053 225034
4000 300053 300034
5000 375053 375034
6000 450053 450034
7000 525053 525034
8000 600053 600034
9000 675053 675034
10000 750053 750034
1000 90061 90042
2000 180061 180042
3000 270061 270042
4000 360061 360042
5000 450061 450042
6000 540061 540042
7000 630061 630042
8000 720061 720042
9000 810061 810042
10000 900061 900042
1000 105069 105050
2000 210069 210050
3000 315069 315050
4000 420069 420050
5000 525069 525050
6000 630069 630050
7000 735069 735050
8000 840069 840050
9000 945069 945050
10000 1050069 1050050
1000 120077 120058
2000 240077 240058
3000 360077 360058
4000 480077 480058
5000 600077 600058
6000 720077 720058
7000 840077 840058
8000 960077 960058
9000 1080077 1080058
10000 1200077 1200058
1000 135085 135066
2000 270085 270066
3000 405085 405066
4000 540085 540066
5000 675085 675066
6000 810085 810066
7000 945085 945066
8000 1080085 1080066
9000 1215085 1215066
10000 1350085 1350066
1000 150093 150074
2000 300093 300074
3000 450093 450074
4000 600093 600074
5000 750093 750074
6000 900093 900074
7000 1050093 1050074
8000 1200093 1200074
9000 1350093 1350074
10000 1500093 1500074
1000 165101 165082
2000 330101 330082
3000 495101 495082
4000 660101 660082
5000 825101 825082
6000 990101 990082
7000 1155101 1155082
8000 1320101 1320082
9000 1485101 1485082
10000 1650101 1650082
1000 180109 180090
2000 360109 360090
3000 540109 540090
4000 720109 720090
5000 900109 900090
6000 1080109 1080090
7000 1260109 1260090
8000 1440109 1440090
9000 1620109 1620090
10000 1800109 1800090
1000 195117 195098
2000 390117 390098
3000 585117 585098
4000 780117 780098
5000 975117 975098
6000 1170117 1170098
7000 1365117 1365098
8000 1560117 1560098
9000 1755117 1755098
10000 1950117 1950098
1000 210125 210106
2000 420125 420106
3000 630125 630106
4000 840125 840106
5000 1050125 1050106
6000 1260125 1260106
7000 1470125 1470106
8000 1680125 1680106
9000 1890125 1890106
10000 2100125 2100106
1000 225133 225114
2000 450133 450114
3000 675133 675114
4000 900133 900114
5000 1125133 1125114
6000 1350133 1350114
7000 1575133 1575114
8000 1800133 1800114
9000 2025133 2025114
10000 2250133 2250114
1000 240141 240122
2000 480141 480122
3000 720141 720122
4000 960141 960122
5000 1200141 1200122
6000 1440141 1440122
7000 1680141 1680122
8000 1920141 1920122
9000 2160141 2160122
10000 2400141 2400122
1000 255149 255130
2000 510149 510130
3000 765149 765130
4000 1020149 1020130
5000 1275149 1275130
6000 1530149 1530130
7000 1785149 1785130
8000 2040149 2040130
9000 2295149 2295130
10000 2550149 2550130
1000 270157 270138
2000 540157 540138
3000 810157 810138
4000 1080157 1080138
5000 1350157 1350138
6000 1620157 1620138
7000 1890157 1890138
8000 2160157 2160138
9000 2430157 2430138
10000 2700157 2700138
1000 285165 285146
2000 570165 570146
3000 855165 855146
4000 1140165 1140146
5000 1425165 1425146
6000 1710165 1710146
7000 1995165 1995146
8000 2280165 2280146
9000 2565165 2565146
10000 2850165 2850146
1000 300173 300154
2000 600173 600154
3000 900173 900154
4000 1200173 1200154
5000 1500173 1500154
6000 1800173 1800154
7000 2100173 2100154
8000 2400173 2400154
9000 2700173 2700154
10000 3000173 3000154
1000 315181 315162
2000 630181 630162
3000 945181 945162
4000 1260181 1260162
5000 1575181 1575162
6000 1890181 1890162
7000 2205181 2205162
8000 2520181 2520162
9000 2835181 2835162
10000 3150181 3150162
1000 330189 330170
2000 660189 660170
3000 990189 990170
4000 1320189 1320170
5000 1650189 1650170
6000 1980189 1980170
7000 2310189 2310170
8000 2640189 2640170
9000 2970189 2970170
10000 3300189 3300170
1000 345197 345178
2000 690197 690178
3000 1035197 1035178
4000 1380197 1380178
5000 1725197 1725178
6000 2070197 2070178
7000 2415197 2415178
8000 2760197 2760178
9000 3105197 3105178
10000 3450197 3450178
1000 360205 360186
2000 720205 720186
3000 1080205 1080186
4000 1440205 1440186
5000 1800205 1800186
6000 2160205 2160186
7000 2520205 2520186
8000 2880205 2880186
9000 3240205 3240186
10000 3600205 3600186
1000 375213 375194
2000 750213 750194
3000 1125213 1125194
4000 1500213 1500194
5000 1875213 1875194
6000 2250213 2250194
7000 2625213 2625194
8000 3000213 3000194
9000 3375213 3375194
10000 3750213 3750194
1000 390221 390202
2000 780221 780202
3000 1170221 1170202
4000 1560221 1560202
5000 1950221 1950202
6000 2340221 2340202
7000 2730221 2730202
8000 3120221 3120202
9000 3510221 3510202
10000 3900221 3900202
1000 405229 405210
2000 810229 810210
3000 1215229 1215210
4000 1620229 1620210
5000 2025229 2025210
6000 2430229 2430210
7000 2835229 2835210
8000 3240229 3240210
9000 3645229 3645210
10000 4050229 4050210
1000 420237 420218
2000 840237 840218
3000 1260237 1260218
4000 1680237 1680218
5000 2100237 2100218
6000 2520237 2520218
7000 2940237 2940218
8000 3360237 3360218
9000 3780237 3780218
10000 4200237 4200218
1000 435245 435226
2000 870245 870226
3000 1305245 1305226
4000 1740245 1740226
5000 2175245 2175226
6000 2610245 2610226
7000 3045245 3045226
8000 3480245 3480226
9000 3915245 3915226
10000 4350245 4350226
1000 450253 450234
2000 900253 900234
3000 1350253 1350234
4000 1800253 1800234
5000 2250253 2250234
6000 2700253 2700234
7000 3150253 3150234
8000 3600253 3600234
9000 4050253 4050234
10000 4500253 4500234
1000 465261 465242
2000 930261 930242
3000 1395261 1395242
4000 1860261 1860242
5000 2325261 2325242
6000 2790261 2790242
7000 3255261 3255242
8000 3720261 3720242
9000 4185261 4185242
10000 4650261 4650242
1000 480269 480250
2000 960269 960250
3000 1440269 1440250
4000 1920269 1920250
5000 2400269 2400250
6000 2880269 2880250
7000 3360269 3360250
8000 3840269 3840250
9000 4320269 4320250
10000 4800269 4800250
1000 495277 495258
2000 990277 990258
3000 1485277 1485258
4000 1980277 1980258
5000 2475277 2475258
6000 2970277 2970258
7000 3465277 3465258
8000 3960277 3960258
9000 4455277 4455258
10000 4950277 4950258
1000 510285 510266
2000 1020285 1020266
3000 1530285 1530266
4000 2040285 2040266
5000 2550285 2550266
6000 3060285 3060266
7000 3570285 3570266
8000 4080285 4080266
9000 4590285 4590266
10000 5100285 5100266
1000 525293 525274
2000 1050293 1050274
3000 1575293 1575274
4000 2100293 2100274
5000 2625293 2625274
6000 3150293 3150274
7000 3675293 3675274
8000 4200293 4200274
9000 4725293 4725274
10000 5250293 5250274
1000 540301 540282
2000 1080301 1080282
3000 1620301 1620282
4000 2160301 2160282
5000 2700301 2700282
6000 3240301 3240282
7000 3780301 3780282
8000 4320301 4320282
9000 4860301 4860282
10000 5400301 5400282
1000 555309 555290
2000 1110309 1110290
3000 1665309 1665290
4000 2220309 2220290
5000 2775309 2775290
6000 3330309 3330290
7000 3885309 3885290
8000 4440309 4440290
9000 4995309 4995290
10000 5550309 5550290
1000 570317 570298
2000 1140317 1140298
3000 1710317 1710298
4000 2280317 2280298
5000 2850317 2850298
6000 3420317 3420298
7000 3990317 3990298
8000 4560317 4560298
9000 5130317 5130298
10000 5700317 5700298
1000 585325 585306
2000 1170325 1170306
3000 1755325 1755306
4000 2340325 2340306
5000 2925325 2925306
6000 3510325 3510306
7000 4095325 4095306
8000 4680325 4680306
9000 5265325 5265306
10000 5850325 5850306
1000 600333 600314
2000 1200333 1200314
3000 1800333 1800314
4000 2400333 2400314
5000 3000333 3000314
6000 3600333 3600314
7000 4200333 4200314
8000 4800333 4800314
9000 5400333 5400314
10000 6000333 6000314
1000 615341 615322
2000 1230341 1230322
3000 1845341 1845322
4000 2460341 2460322
5000 3075341 3075322
6000 3690341 3690322
7000 4305341 4305322
8000 4920341 4920322
9000 5535341 5535322
10000 6150341 6150322
1000 630349 630330
2000 1260349 1260330
3000 1890349 1890330
4000 2520349 2520330
5000 3150349 3150330
6000 3780349 3780330
7000 4410349 4410330
8000 5040349 5040330
9000 5670349 5670330
10000 6300349 6300330
1000 645357 645338
2000 1290357 1290338
3000 1935357 1935338
4000 2580357 2580338
5000 3225357 3225338
6000 3870357 3870338
7000 4515357 4515338
8000 5160357 5160338
9000 5805357 5805338
10000 6450357 6450338
1000 660365 660346
2000 1320365 1320346
3000 1980365 1980346
4000 2640365 2640346
5000 3300365 3300346
6000 3960365 3960346
7000 4620365 4620346
8000 5280365 5280346
9000 5940365 5940346
10000 6600365 6600346
1000 675373 675354
2000 1350373 1350354
3000 2025373 2025354
4000 2700373 2700354
5000 3375373 3375354
6000 4050373 4050354
7000 4725373 4725354
8000 5400373 5400354
9000 6075373 6075354
10000 6750373 6750354
1000 690381 690362
2000 1380381 1380362
3000 2070381 2070362
4000 2760381 2760362
5000 3450381 3450362
6000 4140381 4140362
7000 4830381 4830362
8000 5520381 5520362
9000 6210381 6210362
10000 6900381 6900362
1000 705389 705370
2000 1410389 1410370
3000 2115389 2115370
4000 2820389 2820370
5000 3525389 3525370
6000 4230389 4230370
7000 4935389 4935370
8000 5640389 5640370
9000 6345389 6345370
10000 7050389 7050370
1000 720397 720378
2000 1440397 1440378
3000 2160397 2160378
4000 2880397 2880378
5000 3600397 3600378
6000 4320397 4320378
7000 5040397 5040378
8000 5760397 5760378
9000 6480397 6480378
10000 7200397 7200378
1000 735405 735386
2000 1470405 1470386
3000 2205405 2205386
4000 2940405 2940386
5000 3675405 3675386
6000 4410405 4410386
7000 5145405 5145386
8000 5880405 5880386
9000 6615405 6615386
10000 7350405 7350386
1000 750413 750394
2000 1500413 1500394
3000 2250413 2250394
4000 3000413 3000394
5000 3750413 3750394
6000 4500413 4500394
7000 5250413 5250394
8000 6000413 6000394
9000 6750413 6750394
10000 7500413 7500394
1000 765421 765402
2000 1530421 1530402
3000 2295421 2295402
4000 3060421 3060402
5000 3825421 3825402
6000 4590421 4590402
7000 5355421 5355402
8000 6120421 6120402
9000 6885421 6885402
10000 7650421 7650402
1000 780429 780410
2000 1560429 1560410
3000 2340429 2340410
4000 3120429 3120410
5000 3900429 3900410
6000 4680429 4680410
7000 5460429 5460410
8000 6240429 6240410
9000 7020429 7020410
10000 7800429 7800410
1000 795437 795418
2000 1590437 1590418
3000 2385437 2385418
4000 3180437 3180418
5000 3975437 3975418
6000 4770437 4770418
7000 5565437 5565418
8000 6360437 6360418
9000 7155437 7155418
10000 7950437 7950418
1000 810445 810426
2000 1620445 1620426
3000 2430445 2430426
4000 3240445 3240426
5000 4050445 4050426
6000 4860445 4860426
7000 5670445 5670426
8000 6480445 6480426
9000 7290445 7290426
10000 8100445 8100426
1000 825453 825434
2000 1650453 1650434
3000 2475453 2475434
4000 3300453 3300434
5000 4125453 4125434
6000 4950453 4950434
7000 5775453 5775434
8000 6600453 6600434
9000 7425453 7425434
10000 8250453 8250434
1000 840461 840442
2000 1680461 1680442
3000 2520461 2520442
4000 3360461 3360442
5000 4200461 4200442
6000 5040461 5040442
7000 5880461 5880442
8000 6720461 6720442
9000 7560461 7560442
10000 8400461 8400442
1000 855469 855450
2000 1710469 1710450
3000 2565469 2565450
4000 3420469 3420450
5000 4275469 4275450
6000 5130469 5130450
7000 5985469 5985450
8000 6840469 6840450
9000 7695469 7695450
10000 8550469 8550450
1000 870477 870458
2000 1740477 1740458
3000 2610477 2610458
4000 3480477 3480458
5000 4350477 4350458
6000 5220477 5220458
7000 6090477 6090458
8000 6960477 6960458
9000 7830477 7830458
10000 8700477 8700458
1000 885485 885466
2000 1770485 1770466
3000 2655485 2655466
4000 3540485 3540466
5000 4425485 4425466
6000 5310485 5310466
7000 6195485 6195466
8000 7080485 7080466
9000 7965485 7965466
10000 8850485 8850466
1000 900493 900474
2000 1800493 1800474
3000 2700493 2700474
4000 3600493 3600474
5000 4500493 4500474
6000 5400493 5400474
7000 6300493 6300474
8000 7200493 7200474
9000 8100493 8100474
10000 9000493 9000474
1000 915501 915482
2000 1830501 1830482
3000 2745501 2745482
4000 3660501 3660482
5000 4575501 4575482
6000 5490501 5490482
7000 6405501 6405482
8000 7320501 7320482
9000 8235501 8235482
10000 9150501 9150482
1000 930509 930490
2000 1860509 1860490
3000 2790509 2790490
4000 3720509 3720490
5000 4650509 4650490
6000 5580509 5580490
7000 6510509 6510490
8000 7440509 7440490
9000 8370509 8370490
10000 9300509 9300490
1000 945517 945498
2000 1890517 1890498
3000 2835517 2835498
4000 3780517 3780498
5000 4725517 4725498
6000 5670517 5670498
7000 6615517 6615498
8000 7560517 7560498
9000 8505517 8505498
10000 9450517 9450498
1000 960525 960506
2000 1920525 1920506
3000 2880525 2880506
4000 3840525 3840506
5000 4800525 4800506
6000 5760525 5760506
7000 6720525 6720506
8000 7680525 7680506
9000 8640525 8640506
10000 9600525 9600506
1000 975533 975514
2000 1950533 1950514
3000 2925533 2925514
4000 3900533 3900514
5000 4875533 4875514
6000 5850533 5850514
7000 6825533 6825514
8000 7800533 7800514
9000 8775533 8775514
10000 9750533 9750514
1000 990541 990522
2000 1980541 1980522
3000 2970541 2970522
4000 3960541 3960522
5000 4950541 4950522
6000 5940541 5940522
7000 6930541 6930522
8000 7920541 7920522
9000 8910541 8910522
10000 9900541 9900522
1000 1005549 1005530
2000 2010549 2010530
3000 3015549 3015530
4000 4020549 4020530
5000 5025549 5025530
6000 6030549 6030530
7000 7035549 7035530
8000 8040549 8040530
9000 9045549 9045530
10000 10050549 10050530
1000 1020557 1020538
2000 2040557 2040538
3000 3060557 3060538
4000 4080557 4080538
5000 5100557 5100538
6000 6120557 6120538
7000 7140557 7140538
8000 8160557 8160538
9000 9180557 9180538
10000 10200557 10200538
1000 1035565 1035546
2000 2070565 2070546
3000 3105565 3105546
4000 4140565 4140546
5000 5175565 5175546
6000 6210565 6210546
7000 7245565 7245546
8000 8280565 8280546
9000 9315565 9315546
10000 10350565 10350546
1000 1050573 1050554
2000 2100573 2100554
3000 3150573 3150554
4000 4200573 4200554
5000 5250573 5250554
6000 6300573 6300554
7000 7350573 7350554
8000 8400573 8400554
9000 9450573 9450554
10000 10500573 10500554
1000 1065581 1065562
2000 2130581 2130562
3000 3195581 3195562
4000 4260581 4260562
5000 5325581 5325562
6000 6390581 6390562
7000 7455581 7455562
8000 8520581 8520562
9000 9585581 9585562
10000 10650581 10650562
1000 1080589 1080570
2000 2160589 2160570
3000 3240589 3240570
4000 4320589 4320570
5000 5400589 5400570
6000 6480589 6480570
7000 7560589 7560570
8000 8640589 8640570
9000 9720589 9720570
10000 10800589 10800570
1000 1095597 1095578
2000 2190597 2190578
3000 3285597 3285578
4000 4380597 4380578
5000 5475597 5475578
6000 6570597 6570578
7000 7665597 7665578
8000 8760597 8760578
9000 9855597 9855578
10000 10950597 10950578
1000 1110605 1110586
2000 2220605 2220586
3000 3330605 3330586
4000 4440605 4440586
5000 5550605 5550586
6000 6660605 6660586
7000 7770605 7770586
8000 8880605 8880586
9000 9990605 9990586
10000 11100605 11100586
1000 1125613 1125594
2000 2250613 2250594
3000 3375613 3375594
4000 4500613 4500594
5000 5625613 5625594
6000 6750613 6750594
7000 7875613 7875594
8000 9000613 9000594
9000 10125613 10125594
10000 11250613 11250594
1000 1140621 1140602
2000 2280621 2280602
3000 3420621 3420602
4000 4560621 4560602
5000 5700621 5700602
6000 6840621 6840602
7000 7980621 7980602
8000 9120621 9120602
9000 10260621 10260602
10000 11400621 11400602
1000 1155629 1155610
2000 2310629 2310610
3000 3465629 3465610
4000 4620629 4620610
5000 5775629 5775610
6000 6930629 6930610
7000 8085629 8085610
8000 9240629 9240610
9000 10395629 10395610
10000 11550629 11550610
1000 1170637 1170618
2000 2340637 2340618
3000 3510637 3510618
4000 4680637 4680618
5000 5850637 5850618
6000 7020637 7020618
7000 8190637 8190618
8000 9360637 9360618
9000 10530637 10530618
10000 11700637 11700618
1000 1185645 1185626
2000 2370645 2370626
3000 3555645 3555626
4000 4740645 4740626
5000 5925645 5925626
6000 7110645 7110626
7000 8295645 8295626
8000 9480645 9480626
9000 10665645 10665626
10000 11850645 11850626
1000 1200653 1200634
2000 2400653 2400634
3000 3600653 3600634
4000 4800653 4800634
5000 6000653 6000634
6000 7200653 7200634
7000 8400653 8400634
8000 9600653 9600634
9000 10800653 10800634
10000 12000653 12000634
1000 1215661 1215642
2000 2430661 2430642
3000 3645661 3645642
4000 4860661 4860642
5000 6075661 6075642
6000 7290661 7290642
7000 8505661 8505642
8000 9720661 9720642
9000 10935661 10935642
10000 12150661 12150642
1000 1230669 1230650
2000 2460669 2460650
3000 3690669 3690650
4000 4920669 4920650
5000 6150669 6150650
6000 7380669 7380650
7000 8610669 8610650
8000 9840669 9840650
9000 11070669 11070650
10000 12300669 12300650
1000 1245677 1245658
2000 2490677 2490658
3000 3735677 3735658
4000 4980677 4980658
5000 6225677 6225658
6000 7470677 7470658
7000 8715677 8715658
8000 9960677 9960658
9000 11205677 11205658
10000 12450677 12450658
1000 1260685 1260666
2000 2520685 2520666
3000 3780685 3780666
4000 5040685 5040666
5000 6300685 6300666
6000 7560685 7560666
7000 8820685 8820666
8000 10080685 10080666
9000 11340685 11340666
10000 12600685 12600666
1000 1275693 1275674
2000 2550693 2550674
3000 3825693 3825674
4000 5100693 5100674
5000 6375693 6375674
6000 7650693 7650674
7000 8925693 8925674
8000 10200693 10200674
9000 11475693 11475674
10000 12750693 12750674
1000 1290701 1290682
2000 2580701 2580682
3000 3870701 3870682
4000 5160701 5160682
5000 6450701 6450682
6000 7740701 7740682
7000 9030701 9030682
8000 10320701 10320682
9000 11610701 11610682
10000 12900701 12900682
1000 1305709 1305690
2000 2610709 2610690
3000 3915709 3915690
4000 5220709 5220690
5000 6525709 6525690
6000 7830709 7830690
7000 9135709 9135690
8000 10440709 10440690
9000 11745709 11745690
10000 13050709 13050690
1000 1320717 1320698
2000 2640717 2640698
3000 3960717 3960698
4000 5280717 5280698
5000 6600717 6600698
6000 7920717 7920698
7000 9240717 9240698
8000 10560717 10560698
9000 11880717 11880698
10000 13200717 13200698
1000 1335725 1335706
2000 2670725 2670706
3000 4005725 4005706
4000 5340725 5340706
5000 6675725 6675706
6000 8010725 8010706
7000 9345725 9345706
8000 10680725 10680706
9000 12015725 12015706
10000 13350725 13350706
1000 1350733 1350714
2000 2700733 2700714
3000 4050733 4050714
4000 5400733 5400714
5000 6750733 6750714
6000 8100733 8100714
7000 9450733 9450714
8000 10800733 10800714
9000 12150733 12150714
10000 13500733 13500714
1000 1365741 1365722
2000 2730741 2730722
3000 4095741 4095722
4000 5460741 5460722
5000 6825741 6825722
6000 8190741 8190722
7000 9555741 9555722
8000 10920741 10920722
9000 12285741 12285722
10000 13650741 13650722
1000 1380749 1380730
2000 2760749 2760730
3000 4140749 4140730
4000 5520749 5520730
5000 6900749 6900730
6000 8280749 8280730
7000 9660749 9660730
8000 11040749 11040730
9000 12420749 12420730
10000 13800749 13800730
1000 1395757 1395738
2000 2790757 2790738
3000 4185757 4185738
4000 5580757 5580738
5000 6975757 6975738
6000 8370757 8370738
7000 9765757 9765738
8000 11160757 11160738
9000 12555757 12555738
10000 13950757 13950738
1000 1410765 1410746
2000 2820765 2820746
3000 4230765 4230746
4000 5640765 5640746
5000 7050765 7050746
6000 8460765 8460746
7000 9870765 9870746
8000 11280765 11280746
9000 12690765 12690746
10000 14100765 14100746
1000 1425773 1425754
2000 2850773 2850754
3000 4275773 4275754
4000 5700773 5700754
5000 7125773 7125754
6000 8550773 8550754
7000 9975773 9975754
8000 11400773 11400754
9000 12825773 12825754
10000 14250773 14250754
1000 1440781 1440762
2000 2880781 2880762
3000 4320781 4320762
4000 5760781 5760762
5000 7200781 7200762
6000 8640781 8640762
7000 10080781 10080762
8000 11520781 11520762
9000 12960781 12960762
10000 14400781 14400762
1000 1455789 1455770
2000 2910789 2910770
3000 4365789 4365770
4000 5820789 5820770
5000 7275789 7275770
6000 8730789 8730770
7000 10185789 10185770
8000 11640789 11640770
9000 13095789 13095770
10000 14550789 14550770
1000 1470797 1470778
2000 2940797 2940778
3000 4410797 4410778
4000 5880797 5880778
5000 7350797 7350778
6000 8820797 8820778
7000 10290797 10290778
8000 11760797 11760778
9000 13230797 13230778
10000 14700797 14700778
1000 1485805 1485786
2000 2970805 2970786
3000 4455805 4455786
4000 5940805 5940786
5000 7425805 7425786
6000 8910805 8910786
7000 10395805 10395786
8000 11880805 11880786
9000 13365805 13365786
10000 14850805 14850786
1000 1500813 1500794
2000 3000813 3000794
3000 4500813 4500794
4000 6000813 6000794
5000 7500813 7500794
6000 9000813 9000794
7000 10500813 10500794
8000 12000813 12000794
9000 13500813 13500794
10000 15000813 15000794
