1000 6075 6032
2000 12081 12036
3000 18087 18040
4000 24087 24040
5000 30093 30044
6000 36093 36044
7000 42093 42044
8000 48093 48044
9000 54099 54048
10000 60099 60048
1000 6147 6067
2000 12159 12075
3000 18171 18079
4000 24171 24083
5000 30183 30087
6000 36183 36087
7000 42183 42091
8000 48183 48091
9000 54195 54095
10000 60195 60095
1000 6219 6098
2000 12237 12110
3000 18255 18118
4000 24255 24122
5000 30273 30130
6000 36273 36130
7000 42273 42134
8000 48273 48134
9000 54291 54142
10000 60291 60142
1000 6291 6133
2000 12315 12149
3000 18339 18157
4000 24339 24165
5000 30363 30169
6000 36363 36173
7000 42363 42177
8000 48363 48181
9000 54387 54185
10000 60387 60185
1000 6363 6164
2000 12393 12184
3000 18423 18192
4000 24423 24204
5000 30453 30212
6000 36453 36212
7000 42453 42220
8000 48453 48224
9000 54483 54232
10000 60483 60232
1000 6435 6195
2000 12471 12219
3000 18507 18231
4000 24507 24243
5000 30543 30251
6000 36543 36255
7000 42543 42259
8000 48543 48267
9000 54579 54275
10000 60579 60275
1000 6507 6222
2000 12549 12250
3000 18591 18270
4000 24591 24278
5000 30633 30290
6000 36633 36298
7000 42633 42302
8000 48633 48306
9000 54675 54318
10000 60675 60318
1000 6579 6257
2000 12627 12289
3000 18675 18305
4000 24675 24321
5000 30723 30329
6000 36723 36337
7000 42723 42345
8000 48723 48353
9000 54771 54357
10000 60771 60361
1000 6651 6288
2000 12705 12324
3000 18759 18340
4000 24759 24360
5000 30813 30364
6000 36813 36376
7000 42813 42384
8000 48813 48396
9000 54867 54404
10000 60867 60400
1000 6723 6319
2000 12783 12359
3000 18843 18375
4000 24843 24399
5000 30903 30407
6000 36903 36415
7000 42903 42427
8000 48903 48439
9000 54963 54447
10000 60963 60447
1000 6795 6346
2000 12861 12390
3000 18927 18406
4000 24927 24434
5000 30993 30446
6000 36993 36450
7000 42993 42466
8000 48993 48478
9000 55059 54490
10000 61059 60490
1000 6867 6377
2000 12939 12425
3000 19011 18445
4000 25011 24473
5000 31083 30485
6000 37083 36493
7000 43083 42505
8000 49083 48521
9000 55155 54529
10000 61155 60533
1000 6939 6404
2000 13017 12456
3000 19095 18484
4000 25095 24508
5000 31173 30524
6000 37173 36536
7000 43173 42540
8000 49173 48560
9000 55251 54572
10000 61251 60576
1000 7011 6431
2000 13095 12487
3000 19179 18519
4000 25179 24543
5000 31263 30559
6000 37263 36575
7000 43263 42583
8000 49263 48599
9000 55347 54611
10000 61347 60615
1000 7083 6454
2000 13173 12514
3000 19263 18554
4000 25263 24574
5000 31353 30598
6000 37353 36614
7000 43353 42626
8000 49353 48634
9000 55443 54650
10000 61443 60658
1000 7155 6489
2000 13251 12553
3000 19347 18589
4000 25347 24617
5000 31443 30633
6000 37443 36653
7000 43443 42665
8000 49443 48681
9000 55539 54689
10000 61539 60697
1000 7227 6520
2000 13329 12588
3000 19431 18620
4000 25431 24656
5000 31533 30668
6000 37533 36688
7000 43533 42708
8000 49533 48724
9000 55635 54724
10000 61635 60736
1000 7299 6551
2000 13407 12623
3000 19515 18655
4000 25515 24695
5000 31623 30703
6000 37623 36727
7000 43623 42747
8000 49623 48767
9000 55731 54771
10000 61731 60775
1000 7371 6578
2000 13485 12654
3000 19599 18690
4000 25599 24730
5000 31713 30734
6000 37713 36766
7000 43713 42786
8000 49713 48806
9000 55827 54814
10000 61827 60810
1000 7443 6609
2000 13563 12689
3000 19683 18721
4000 25683 24769
5000 31803 30777
6000 37803 36801
7000 43803 42821
8000 49803 48849
9000 55923 54857
10000 61923 60857
1000 7515 6636
2000 13641 12720
3000 19767 18752
4000 25767 24804
5000 31893 30816
6000 37893 36836
7000 43893 42860
8000 49893 48888
9000 56019 54896
10000 62019 60900
1000 7587 6663
2000 13719 12751
3000 19851 18783
4000 25851 24839
5000 31983 30855
6000 37983 36871
7000 43983 42899
8000 49983 48927
9000 56115 54939
10000 62115 60943
1000 7659 6686
2000 13797 12778
3000 19935 18810
4000 25935 24870
5000 32073 30894
6000 38073 36902
7000 44073 42934
8000 50073 48962
9000 56211 54978
10000 62211 60986
1000 7731 6717
2000 13875 12813
3000 20019 18849
4000 26019 24909
5000 32163 30929
6000 38163 36945
7000 44163 42973
8000 50163 49005
9000 56307 55017
10000 62307 61025
1000 7803 6744
2000 13953 12844
3000 20103 18884
4000 26103 24944
5000 32253 30968
6000 38253 36984
7000 44253 43008
8000 50253 49044
9000 56403 55056
10000 62403 61068
1000 7875 6771
2000 14031 12875
3000 20187 18919
4000 26187 24979
5000 32343 31003
6000 38343 37023
7000 44343 43043
8000 50343 49083
9000 56499 55091
10000 62499 61107
1000 7947 6794
2000 14109 12902
3000 20271 18954
4000 26271 25010
5000 32433 31038
6000 38433 37062
7000 44433 43074
8000 50433 49118
9000 56595 55134
10000 62595 61146
1000 8019 6821
2000 14187 12933
3000 20355 18985
4000 26355 25045
5000 32523 31073
6000 38523 37097
7000 44523 43117
8000 50523 49157
9000 56691 55173
10000 62691 61185
1000 8091 6844
2000 14265 12960
3000 20439 19020
4000 26439 25076
5000 32613 31104
6000 38613 37136
7000 44613 43160
8000 50613 49192
9000 56787 55212
10000 62787 61220
1000 8163 6867
2000 14343 12987
3000 20523 19055
4000 26523 25107
5000 32703 31143
6000 38703 37175
7000 44703 43199
8000 50703 49227
9000 56883 55247
10000 62883 61263
1000 8235 6886
2000 14421 13010
3000 20607 19086
4000 26607 25134
5000 32793 31178
6000 38793 37210
7000 44793 43238
8000 50793 49258
9000 56979 55286
10000 62979 61302
1000 8307 6917
2000 14499 13045
3000 20691 19117
4000 26691 25173
5000 32883 31213
6000 38883 37245
7000 44883 43277
8000 50883 49301
9000 57075 55321
10000 63075 61341
1000 8379 6948
2000 14577 13080
3000 20775 19148
4000 26775 25212
5000 32973 31248
6000 38973 37280
7000 44973 43312
8000 50973 49344
9000 57171 55356
10000 63171 61380
1000 8451 6975
2000 14655 13111
3000 20859 19175
4000 26859 25247
5000 33063 31279
6000 39063 37311
7000 45063 43351
8000 51063 49383
9000 57267 55391
10000 63267 61415
1000 8523 7006
2000 14733 13146
3000 20943 19210
4000 26943 25286
5000 33153 31314
6000 39153 37350
7000 45153 43390
8000 51153 49426
9000 57363 55422
10000 63363 61454
1000 8595 7033
2000 14811 13177
3000 21027 19245
4000 27027 25321
5000 33243 31345
6000 39243 37389
7000 45243 43425
8000 51243 49465
9000 57459 55469
10000 63459 61489
1000 8667 7060
2000 14889 13208
3000 21111 19276
4000 27111 25356
5000 33333 31376
6000 39333 37424
7000 45333 43464
8000 51333 49504
9000 57555 55512
10000 63555 61524
1000 8739 7083
2000 14967 13235
3000 21195 19307
4000 27195 25387
5000 33423 31407
6000 39423 37459
7000 45423 43499
8000 51423 49539
9000 57651 55555
10000 63651 61559
1000 8811 7114
2000 15045 13270
3000 21279 19338
4000 27279 25426
5000 33513 31434
6000 39513 37494
7000 45513 43534
8000 51513 49582
9000 57747 55594
10000 63747 61590
1000 8883 7141
2000 15123 13301
3000 21363 19365
4000 27363 25461
5000 33603 31477
6000 39603 37525
7000 45603 43565
8000 51603 49621
9000 57843 55637
10000 63843 61637
1000 8955 7168
2000 15201 13332
3000 21447 19396
4000 27447 25496
5000 33693 31516
6000 39693 37560
7000 45693 43604
8000 51693 49660
9000 57939 55676
10000 63939 61680
1000 9027 7191
2000 15279 13359
3000 21531 19427
4000 27531 25527
5000 33783 31555
6000 39783 37595
7000 45783 43643
8000 51783 49695
9000 58035 55715
10000 64035 61723
1000 9099 7218
2000 15357 13390
3000 21615 19454
4000 27615 25562
5000 33873 31590
6000 39873 37626
7000 45873 43678
8000 51873 49734
9000 58131 55750
10000 64131 61762
1000 9171 7241
2000 15435 13417
3000 21699 19481
4000 27699 25593
5000 33963 31629
6000 39963 37657
7000 45963 43717
8000 51963 49769
9000 58227 55793
10000 64227 61805
1000 9243 7264
2000 15513 13444
3000 21783 19508
4000 27783 25624
5000 34053 31664
6000 40053 37688
7000 46053 43752
8000 52053 49804
9000 58323 55832
10000 64323 61844
1000 9315 7283
2000 15591 13467
3000 21867 19531
4000 27867 25651
5000 34143 31699
6000 40143 37715
7000 46143 43787
8000 52143 49835
9000 58419 55871
10000 64419 61883
1000 9387 7314
2000 15669 13502
3000 21951 19570
4000 27951 25690
5000 34233 31734
6000 40233 37758
7000 46233 43818
8000 52233 49878
9000 58515 55906
10000 64515 61922
1000 9459 7341
2000 15747 13533
3000 22035 19605
4000 28035 25725
5000 34323 31765
6000 40323 37797
7000 46323 43853
8000 52323 49917
9000 58611 55945
10000 64611 61957
1000 9531 7368
2000 15825 13564
3000 22119 19640
4000 28119 25760
5000 34413 31804
6000 40413 37836
7000 46413 43888
8000 52413 49956
9000 58707 55980
10000 64707 62000
1000 9603 7391
2000 15903 13591
3000 22203 19675
4000 28203 25791
5000 34503 31839
6000 40503 37875
7000 46503 43919
8000 52503 49991
9000 58803 56015
10000 64803 62039
1000 9675 7418
2000 15981 13622
3000 22287 19706
4000 28287 25826
5000 34593 31874
6000 40593 37910
7000 46593 43954
8000 52593 50030
9000 58899 56050
10000 64899 62078
1000 9747 7441
2000 16059 13649
3000 22371 19741
4000 28371 25857
5000 34683 31909
6000 40683 37949
7000 46683 43985
8000 52683 50065
9000 58995 56081
10000 64995 62117
1000 9819 7464
2000 16137 13676
3000 22455 19776
4000 28455 25888
5000 34773 31940
6000 40773 37988
7000 46773 44016
8000 52773 50100
9000 59091 56124
10000 65091 62152
1000 9891 7483
2000 16215 13699
3000 22539 19807
4000 28539 25915
5000 34863 31975
6000 40863 38023
7000 46863 44043
8000 52863 50131
9000 59187 56163
10000 65187 62191
1000 9963 7510
2000 16293 13730
3000 22623 19838
4000 28623 25950
5000 34953 32006
6000 40953 38058
7000 46953 44086
8000 52953 50170
9000 59283 56202
10000 65283 62226
1000 10035 7533
2000 16371 13757
3000 22707 19869
4000 28707 25981
5000 35043 32037
6000 41043 38093
7000 47043 44129
8000 53043 50205
9000 59379 56237
10000 65379 62261
1000 10107 7556
2000 16449 13784
3000 22791 19896
4000 28791 26012
5000 35133 32068
6000 41133 38124
7000 47133 44168
8000 53133 50240
9000 59475 56276
10000 65475 62296
1000 10179 7575
2000 16527 13807
3000 22875 19931
4000 28875 26039
5000 35223 32095
6000 41223 38163
7000 47223 44207
8000 53223 50271
9000 59571 56311
10000 65571 62327
1000 10251 7598
2000 16605 13834
3000 22959 19966
4000 28959 26070
5000 35313 32134
6000 41313 38202
7000 47313 44246
8000 53313 50306
9000 59667 56346
10000 65667 62370
1000 10323 7617
2000 16683 13857
3000 23043 19997
4000 29043 26097
5000 35403 32169
6000 41403 38237
7000 47403 44281
8000 53403 50337
9000 59763 56381
10000 65763 62409
1000 10395 7636
2000 16761 13880
3000 23127 20028
4000 29127 26124
5000 35493 32204
6000 41493 38272
7000 47493 44320
8000 53493 50368
9000 59859 56412
10000 65859 62448
1000 10467 7651
2000 16839 13899
3000 23211 20059
4000 29211 26147
5000 35583 32239
6000 41583 38307
7000 47583 44359
8000 53583 50395
9000 59955 56451
10000 65955 62487
1000 10539 7682
2000 16917 13934
3000 23295 20086
4000 29295 26186
5000 35673 32270
6000 41673 38338
7000 47673 44394
8000 53673 50438
9000 60051 56486
10000 66051 62522
1000 10611 7713
2000 16995 13969
3000 23379 20117
4000 29379 26225
5000 35763 32305
6000 41763 38373
7000 47763 44433
8000 53763 50481
9000 60147 56521
10000 66147 62561
1000 10683 7740
2000 17073 14000
3000 23463 20148
4000 29463 26260
5000 35853 32336
6000 41853 38408
7000 47853 44468
8000 53853 50520
9000 60243 56552
10000 66243 62596
1000 10755 7771
2000 17151 14035
3000 23547 20175
4000 29547 26299
5000 35943 32367
6000 41943 38439
7000 47943 44503
8000 53943 50563
9000 60339 56587
10000 66339 62631
1000 10827 7798
2000 17229 14066
3000 23631 20202
4000 29631 26334
5000 36033 32398
6000 42033 38470
7000 48033 44534
8000 54033 50602
9000 60435 56618
10000 66435 62666
1000 10899 7825
2000 17307 14097
3000 23715 20229
4000 29715 26369
5000 36123 32425
6000 42123 38501
7000 48123 44573
8000 54123 50641
9000 60531 56649
10000 66531 62697
1000 10971 7848
2000 17385 14124
3000 23799 20252
4000 29799 26400
5000 36213 32460
6000 42213 38528
7000 48213 44612
8000 54213 50676
9000 60627 56680
10000 66627 62736
1000 11043 7879
2000 17463 14159
3000 23883 20287
4000 29883 26439
5000 36303 32491
6000 42303 38567
7000 48303 44647
8000 54303 50719
9000 60723 56707
10000 66723 62771
1000 11115 7906
2000 17541 14190
3000 23967 20322
4000 29967 26474
5000 36393 32522
6000 42393 38606
7000 48393 44686
8000 54393 50758
9000 60819 56754
10000 66819 62806
1000 11187 7933
2000 17619 14221
3000 24051 20353
4000 30051 26509
5000 36483 32553
6000 42483 38641
7000 48483 44721
8000 54483 50797
9000 60915 56797
10000 66915 62841
1000 11259 7956
2000 17697 14248
3000 24135 20384
4000 30135 26540
5000 36573 32580
6000 42573 38676
7000 48573 44756
8000 54573 50832
9000 61011 56840
10000 67011 62872
1000 11331 7983
2000 17775 14279
3000 24219 20415
4000 30219 26575
5000 36663 32611
6000 42663 38711
7000 48663 44787
8000 54663 50871
9000 61107 56879
10000 67107 62907
1000 11403 8006
2000 17853 14306
3000 24303 20442
4000 30303 26606
5000 36753 32638
6000 42753 38742
7000 48753 44822
8000 54753 50906
9000 61203 56922
10000 67203 62938
1000 11475 8029
2000 17931 14333
3000 24387 20473
4000 30387 26637
5000 36843 32665
6000 42843 38777
7000 48843 44857
8000 54843 50941
9000 61299 56961
10000 67299 62969
1000 11547 8048
2000 18009 14356
3000 24471 20504
4000 30471 26664
5000 36933 32692
6000 42933 38812
7000 48933 44888
8000 54933 50972
9000 61395 57000
10000 67395 63000
1000 11619 8079
2000 18087 14391
3000 24555 20531
4000 30555 26703
5000 37023 32715
6000 43023 38843
7000 49023 44923
8000 55023 51015
9000 61491 57035
10000 67491 63027
1000 11691 8106
2000 18165 14422
3000 24639 20558
4000 30639 26738
5000 37113 32758
6000 43113 38874
7000 49113 44954
8000 55113 51054
9000 61587 57078
10000 67587 63074
1000 11763 8133
2000 18243 14453
3000 24723 20585
4000 30723 26773
5000 37203 32797
6000 43203 38905
7000 49203 44985
8000 55203 51093
9000 61683 57117
10000 67683 63117
1000 11835 8156
2000 18321 14480
3000 24807 20608
4000 30807 26804
5000 37293 32836
6000 43293 38932
7000 49293 45012
8000 55293 51128
9000 61779 57156
10000 67779 63160
1000 11907 8183
2000 18399 14511
3000 24891 20639
4000 30891 26839
5000 37383 32871
6000 43383 38967
7000 49383 45051
8000 55383 51167
9000 61875 57191
10000 67875 63199
1000 11979 8206
2000 18477 14538
3000 24975 20670
4000 30975 26870
5000 37473 32910
6000 43473 39002
7000 49473 45090
8000 55473 51202
9000 61971 57230
10000 67971 63242
1000 12051 8229
2000 18555 14565
3000 25059 20697
4000 31059 26901
5000 37563 32945
6000 43563 39033
7000 49563 45125
8000 55563 51237
9000 62067 57265
10000 68067 63281
1000 12123 8248
2000 18633 14588
3000 25143 20724
4000 31143 26928
5000 37653 32980
6000 43653 39064
7000 49653 45164
8000 55653 51268
9000 62163 57300
10000 68163 63320
1000 12195 8275
2000 18711 14619
3000 25227 20751
4000 31227 26963
5000 37743 33015
6000 43743 39095
7000 49743 45199
8000 55743 51307
9000 62259 57335
10000 68259 63359
1000 12267 8298
2000 18789 14646
3000 25311 20774
4000 31311 26994
5000 37833 33046
6000 43833 39122
7000 49833 45234
8000 55833 51342
9000 62355 57366
10000 68355 63394
1000 12339 8321
2000 18867 14673
3000 25395 20801
4000 31395 27025
5000 37923 33085
6000 43923 39153
7000 49923 45265
8000 55923 51377
9000 62451 57409
10000 68451 63437
1000 12411 8340
2000 18945 14696
3000 25479 20828
4000 31479 27052
5000 38013 33120
6000 44013 39184
7000 50013 45300
8000 56013 51408
9000 62547 57448
10000 68547 63476
1000 12483 8363
2000 19023 14723
3000 25563 20851
4000 31563 27083
5000 38103 33155
6000 44103 39211
7000 50103 45335
8000 56103 51443
9000 62643 57487
10000 68643 63515
1000 12555 8382
2000 19101 14746
3000 25647 20874
4000 31647 27110
5000 38193 33190
6000 44193 39238
7000 50193 45366
8000 56193 51474
9000 62739 57522
10000 68739 63554
1000 12627 8401
2000 19179 14769
3000 25731 20897
4000 31731 27137
5000 38283 33221
6000 44283 39265
7000 50283 45401
8000 56283 51505
9000 62835 57561
10000 68835 63589
1000 12699 8416
2000 19257 14788
3000 25815 20916
4000 31815 27160
5000 38373 33256
6000 44373 39288
7000 50373 45432
8000 56373 51532
9000 62931 57596
10000 68931 63628
1000 12771 8447
2000 19335 14823
3000 25899 20955
4000 31899 27199
5000 38463 33287
6000 44463 39331
7000 50463 45463
8000 56463 51575
9000 63027 57631
10000 69027 63663
1000 12843 8474
2000 19413 14854
3000 25983 20990
4000 31983 27234
5000 38553 33318
6000 44553 39370
7000 50553 45490
8000 56553 51614
9000 63123 57666
10000 69123 63698
1000 12915 8501
2000 19491 14885
3000 26067 21025
4000 32067 27269
5000 38643 33349
6000 44643 39409
7000 50643 45525
8000 56643 51653
9000 63219 57697
10000 69219 63733
1000 12987 8524
2000 19569 14912
3000 26151 21060
4000 32151 27300
5000 38733 33376
6000 44733 39448
7000 50733 45560
8000 56733 51688
9000 63315 57736
10000 69315 63764
1000 13059 8551
2000 19647 14943
3000 26235 21091
4000 32235 27335
5000 38823 33415
6000 44823 39483
7000 50823 45591
8000 56823 51727
9000 63411 57771
10000 69411 63807
1000 13131 8574
2000 19725 14970
3000 26319 21126
4000 32319 27366
5000 38913 33450
6000 44913 39522
7000 50913 45626
8000 56913 51762
9000 63507 57806
10000 69507 63846
1000 13203 8597
2000 19803 14997
3000 26403 21161
4000 32403 27397
5000 39003 33485
6000 45003 39561
7000 51003 45657
8000 57003 51797
9000 63603 57837
10000 69603 63885
