1000 6075 6075
2000 12081 12081
3000 18087 18087
4000 24087 24087
5000 30093 30093
6000 36093 36093
7000 42093 42093
8000 48093 48093
9000 54099 54099
10000 60099 60099
1000 6147 6147
2000 12159 12159
3000 18171 18171
4000 24171 24171
5000 30183 30183
6000 36183 36183
7000 42183 42183
8000 48183 48183
9000 54195 54195
10000 60195 60195
1000 6219 6219
2000 12237 12237
3000 18255 18255
4000 24255 24255
5000 30273 30273
6000 36273 36273
7000 42273 42273
8000 48273 48273
9000 54291 54291
10000 60291 60291
1000 6291 6291
2000 12315 12315
3000 18339 18339
4000 24339 24339
5000 30363 30363
6000 36363 36363
7000 42363 42363
8000 48363 48363
9000 54387 54387
10000 60387 60387
1000 6363 6363
2000 12393 12393
3000 18423 18423
4000 24423 24423
5000 30453 30453
6000 36453 36453
7000 42453 42453
8000 48453 48453
9000 54483 54483
10000 60483 60483
1000 6435 6435
2000 12471 12471
3000 18507 18507
4000 24507 24507
5000 30543 30543
6000 36543 36543
7000 42543 42543
8000 48543 48543
9000 54579 54579
10000 60579 60579
1000 6507 6507
2000 12549 12549
3000 18591 18591
4000 24591 24591
5000 30633 30633
6000 36633 36633
7000 42633 42633
8000 48633 48633
9000 54675 54675
10000 60675 60675
1000 6579 6579
2000 12627 12627
3000 18675 18675
4000 24675 24675
5000 30723 30723
6000 36723 36723
7000 42723 42723
8000 48723 48723
9000 54771 54771
10000 60771 60771
1000 6651 6651
2000 12705 12705
3000 18759 18759
4000 24759 24759
5000 30813 30813
6000 36813 36813
7000 42813 42813
8000 48813 48813
9000 54867 54867
10000 60867 60867
1000 6723 6723
2000 12783 12783
3000 18843 18843
4000 24843 24843
5000 30903 30903
6000 36903 36903
7000 42903 42903
8000 48903 48903
9000 54963 54963
10000 60963 60963
1000 6795 6795
2000 12861 12861
3000 18927 18927
4000 24927 24927
5000 30993 30993
6000 36993 36993
7000 42993 42993
8000 48993 48993
9000 55059 55059
10000 61059 61059
1000 6867 6867
2000 12939 12939
3000 19011 19011
4000 25011 25011
5000 31083 31083
6000 37083 37083
7000 43083 43083
8000 49083 49083
9000 55155 55155
10000 61155 61155
1000 6939 6939
2000 13017 13017
3000 19095 19095
4000 25095 25095
5000 31173 31173
6000 37173 37173
7000 43173 43173
8000 49173 49173
9000 55251 55251
10000 61251 61251
1000 7011 7011
2000 13095 13095
3000 19179 19179
4000 25179 25179
5000 31263 31263
6000 37263 37263
7000 43263 43263
8000 49263 49263
9000 55347 55347
10000 61347 61347
1000 7083 7083
2000 13173 13173
3000 19263 19263
4000 25263 25263
5000 31353 31353
6000 37353 37353
7000 43353 43353
8000 49353 49353
9000 55443 55443
10000 61443 61443
1000 7155 7155
2000 13251 13251
3000 19347 19347
4000 25347 25347
5000 31443 31443
6000 37443 37443
7000 43443 43443
8000 49443 49443
9000 55539 55539
10000 61539 61539
1000 7227 7227
2000 13329 13329
3000 19431 19431
4000 25431 25431
5000 31533 31533
6000 37533 37533
7000 43533 43533
8000 49533 49533
9000 55635 55635
10000 61635 61635
1000 7299 7299
2000 13407 13407
3000 19515 19515
4000 25515 25515
5000 31623 31623
6000 37623 37623
7000 43623 43623
8000 49623 49623
9000 55731 55731
10000 61731 61731
1000 7371 7371
2000 13485 13485
3000 19599 19599
4000 25599 25599
5000 31713 31713
6000 37713 37713
7000 43713 43713
8000 49713 49713
9000 55827 55827
10000 61827 61827
1000 7443 7443
2000 13563 13563
3000 19683 19683
4000 25683 25683
5000 31803 31803
6000 37803 37803
7000 43803 43803
8000 49803 49803
9000 55923 55923
10000 61923 61923
1000 7515 7515
2000 13641 13641
3000 19767 19767
4000 25767 25767
5000 31893 31893
6000 37893 37893
7000 43893 43893
8000 49893 49893
9000 56019 56019
10000 62019 62019
1000 7587 7587
2000 13719 13719
3000 19851 19851
4000 25851 25851
5000 31983 31983
6000 37983 37983
7000 43983 43983
8000 49983 49983
9000 56115 56115
10000 62115 62115
1000 7659 7659
2000 13797 13797
3000 19935 19935
4000 25935 25935
5000 32073 32073
6000 38073 38073
7000 44073 44073
8000 50073 50073
9000 56211 56211
10000 62211 62211
1000 7731 7731
2000 13875 13875
3000 20019 20019
4000 26019 26019
5000 32163 32163
6000 38163 38163
7000 44163 44163
8000 50163 50163
9000 56307 56307
10000 62307 62307
1000 7803 7803
2000 13953 13953
3000 20103 20103
4000 26103 26103
5000 32253 32253
6000 38253 38253
7000 44253 44253
8000 50253 50253
9000 56403 56403
10000 62403 62403
1000 7875 7875
2000 14031 14031
3000 20187 20187
4000 26187 26187
5000 32343 32343
6000 38343 38343
7000 44343 44343
8000 50343 50343
9000 56499 56499
10000 62499 62499
1000 7947 7947
2000 14109 14109
3000 20271 20271
4000 26271 26271
5000 32433 32433
6000 38433 38433
7000 44433 44433
8000 50433 50433
9000 56595 56595
10000 62595 62595
1000 8019 8019
2000 14187 14187
3000 20355 20355
4000 26355 26355
5000 32523 32523
6000 38523 38523
7000 44523 44523
8000 50523 50523
9000 56691 56691
10000 62691 62691
1000 8091 8091
2000 14265 14265
3000 20439 20439
4000 26439 26439
5000 32613 32613
6000 38613 38613
7000 44613 44613
8000 50613 50613
9000 56787 56787
10000 62787 62787
1000 8163 8163
2000 14343 14343
3000 20523 20523
4000 26523 26523
5000 32703 32703
6000 38703 38703
7000 44703 44703
8000 50703 50703
9000 56883 56883
10000 62883 62883
1000 8235 8235
2000 14421 14421
3000 20607 20607
4000 26607 26607
5000 32793 32793
6000 38793 38793
7000 44793 44793
8000 50793 50793
9000 56979 56979
10000 62979 62979
1000 8307 8307
2000 14499 14499
3000 20691 20691
4000 26691 26691
5000 32883 32883
6000 38883 38883
7000 44883 44883
8000 50883 50883
9000 57075 57075
10000 63075 63075
1000 8379 8379
2000 14577 14577
3000 20775 20775
4000 26775 26775
5000 32973 32973
6000 38973 38973
7000 44973 44973
8000 50973 50973
9000 57171 57171
10000 63171 63171
1000 8451 8451
2000 14655 14655
3000 20859 20859
4000 26859 26859
5000 33063 33063
6000 39063 39063
7000 45063 45063
8000 51063 51063
9000 57267 57267
10000 63267 63267
1000 8523 8523
2000 14733 14733
3000 20943 20943
4000 26943 26943
5000 33153 33153
6000 39153 39153
7000 45153 45153
8000 51153 51153
9000 57363 57363
10000 63363 63363
1000 8595 8595
2000 14811 14811
3000 21027 21027
4000 27027 27027
5000 33243 33243
6000 39243 39243
7000 45243 45243
8000 51243 51243
9000 57459 57459
10000 63459 63459
1000 8667 8667
2000 14889 14889
3000 21111 21111
4000 27111 27111
5000 33333 33333
6000 39333 39333
7000 45333 45333
8000 51333 51333
9000 57555 57555
10000 63555 63555
1000 8739 8739
2000 14967 14967
3000 21195 21195
4000 27195 27195
5000 33423 33423
6000 39423 39423
7000 45423 45423
8000 51423 51423
9000 57651 57651
10000 63651 63651
1000 8811 8811
2000 15045 15045
3000 21279 21279
4000 27279 27279
5000 33513 33513
6000 39513 39513
7000 45513 45513
8000 51513 51513
9000 57747 57747
10000 63747 63747
1000 8883 8883
2000 15123 15123
3000 21363 21363
4000 27363 27363
5000 33603 33603
6000 39603 39603
7000 45603 45603
8000 51603 51603
9000 57843 57843
10000 63843 63843
1000 8955 8955
2000 15201 15201
3000 21447 21447
4000 27447 27447
5000 33693 33693
6000 39693 39693
7000 45693 45693
8000 51693 51693
9000 57939 57939
10000 63939 63939
1000 9027 9027
2000 15279 15279
3000 21531 21531
4000 27531 27531
5000 33783 33783
6000 39783 39783
7000 45783 45783
8000 51783 51783
9000 58035 58035
10000 64035 64035
1000 9099 9099
2000 15357 15357
3000 21615 21615
4000 27615 27615
5000 33873 33873
6000 39873 39873
7000 45873 45873
8000 51873 51873
9000 58131 58131
10000 64131 64131
1000 9171 9171
2000 15435 15435
3000 21699 21699
4000 27699 27699
5000 33963 33963
6000 39963 39963
7000 45963 45963
8000 51963 51963
9000 58227 58227
10000 64227 64227
1000 9243 9243
2000 15513 15513
3000 21783 21783
4000 27783 27783
5000 34053 34053
6000 40053 40053
7000 46053 46053
8000 52053 52053
9000 58323 58323
10000 64323 64323
1000 9315 9315
2000 15591 15591
3000 21867 21867
4000 27867 27867
5000 34143 34143
6000 40143 40143
7000 46143 46143
8000 52143 52143
9000 58419 58419
10000 64419 64419
1000 9387 9387
2000 15669 15669
3000 21951 21951
4000 27951 27951
5000 34233 34233
6000 40233 40233
7000 46233 46233
8000 52233 52233
9000 58515 58515
10000 64515 64515
1000 9459 9459
2000 15747 15747
3000 22035 22035
4000 28035 28035
5000 34323 34323
6000 40323 40323
7000 46323 46323
8000 52323 52323
9000 58611 58611
10000 64611 64611
1000 9531 9531
2000 15825 15825
3000 22119 22119
4000 28119 28119
5000 34413 34413
6000 40413 40413
7000 46413 46413
8000 52413 52413
9000 58707 58707
10000 64707 64707
1000 9603 9603
2000 15903 15903
3000 22203 22203
4000 28203 28203
5000 34503 34503
6000 40503 40503
7000 46503 46503
8000 52503 52503
9000 58803 58803
10000 64803 64803
1000 9675 9675
2000 15981 15981
3000 22287 22287
4000 28287 28287
5000 34593 34593
6000 40593 40593
7000 46593 46593
8000 52593 52593
9000 58899 58899
10000 64899 64899
1000 9747 9747
2000 16059 16059
3000 22371 22371
4000 28371 28371
5000 34683 34683
6000 40683 40683
7000 46683 46683
8000 52683 52683
9000 58995 58995
10000 64995 64995
1000 9819 9819
2000 16137 16137
3000 22455 22455
4000 28455 28455
5000 34773 34773
6000 40773 40773
7000 46773 46773
8000 52773 52773
9000 59091 59091
10000 65091 65091
1000 9891 9891
2000 16215 16215
3000 22539 22539
4000 28539 28539
5000 34863 34863
6000 40863 40863
7000 46863 46863
8000 52863 52863
9000 59187 59187
10000 65187 65187
1000 9963 9963
2000 16293 16293
3000 22623 22623
4000 28623 28623
5000 34953 34953
6000 40953 40953
7000 46953 46953
8000 52953 52953
9000 59283 59283
10000 65283 65283
1000 10035 10035
2000 16371 16371
3000 22707 22707
4000 28707 28707
5000 35043 35043
6000 41043 41043
7000 47043 47043
8000 53043 53043
9000 59379 59379
10000 65379 65379
1000 10107 10107
2000 16449 16449
3000 22791 22791
4000 28791 28791
5000 35133 35133
6000 41133 41133
7000 47133 47133
8000 53133 53133
9000 59475 59475
10000 65475 65475
1000 10179 10179
2000 16527 16527
3000 22875 22875
4000 28875 28875
5000 35223 35223
6000 41223 41223
7000 47223 47223
8000 53223 53223
9000 59571 59571
10000 65571 65571
1000 10251 10251
2000 16605 16605
3000 22959 22959
4000 28959 28959
5000 35313 35313
6000 41313 41313
7000 47313 47313
8000 53313 53313
9000 59667 59667
10000 65667 65667
1000 10323 10323
2000 16683 16683
3000 23043 23043
4000 29043 29043
5000 35403 35403
6000 41403 41403
7000 47403 47403
8000 53403 53403
9000 59763 59763
10000 65763 65763
1000 10395 10395
2000 16761 16761
3000 23127 23127
4000 29127 29127
5000 35493 35493
6000 41493 41493
7000 47493 47493
8000 53493 53493
9000 59859 59859
10000 65859 65859
1000 10467 10467
2000 16839 16839
3000 23211 23211
4000 29211 29211
5000 35583 35583
6000 41583 41583
7000 47583 47583
8000 53583 53583
9000 59955 59955
10000 65955 65955
1000 10539 10539
2000 16917 16917
3000 23295 23295
4000 29295 29295
5000 35673 35673
6000 41673 41673
7000 47673 47673
8000 53673 53673
9000 60051 60051
10000 66051 66051
1000 10611 10611
2000 16995 16995
3000 23379 23379
4000 29379 29379
5000 35763 35763
6000 41763 41763
7000 47763 47763
8000 53763 53763
9000 60147 60147
10000 66147 66147
1000 10683 10683
2000 17073 17073
3000 23463 23463
4000 29463 29463
5000 35853 35853
6000 41853 41853
7000 47853 47853
8000 53853 53853
9000 60243 60243
10000 66243 66243
1000 10755 10755
2000 17151 17151
3000 23547 23547
4000 29547 29547
5000 35943 35943
6000 41943 41943
7000 47943 47943
8000 53943 53943
9000 60339 60339
10000 66339 66339
1000 10827 10827
2000 17229 17229
3000 23631 23631
4000 29631 29631
5000 36033 36033
6000 42033 42033
7000 48033 48033
8000 54033 54033
9000 60435 60435
10000 66435 66435
1000 10899 10899
2000 17307 17307
3000 23715 23715
4000 29715 29715
5000 36123 36123
6000 42123 42123
7000 48123 48123
8000 54123 54123
9000 60531 60531
10000 66531 66531
1000 10971 10971
2000 17385 17385
3000 23799 23799
4000 29799 29799
5000 36213 36213
6000 42213 42213
7000 48213 48213
8000 54213 54213
9000 60627 60627
10000 66627 66627
1000 11043 11043
2000 17463 17463
3000 23883 23883
4000 29883 29883
5000 36303 36303
6000 42303 42303
7000 48303 48303
8000 54303 54303
9000 60723 60723
10000 66723 66723
1000 11115 11115
2000 17541 17541
3000 23967 23967
4000 29967 29967
5000 36393 36393
6000 42393 42393
7000 48393 48393
8000 54393 54393
9000 60819 60819
10000 66819 66819
1000 11187 11187
2000 17619 17619
3000 24051 24051
4000 30051 30051
5000 36483 36483
6000 42483 42483
7000 48483 48483
8000 54483 54483
9000 60915 60915
10000 66915 66915
1000 11259 11259
2000 17697 17697
3000 24135 24135
4000 30135 30135
5000 36573 36573
6000 42573 42573
7000 48573 48573
8000 54573 54573
9000 61011 61011
10000 67011 67011
1000 11331 11331
2000 17775 17775
3000 24219 24219
4000 30219 30219
5000 36663 36663
6000 42663 42663
7000 48663 48663
8000 54663 54663
9000 61107 61107
10000 67107 67107
1000 11403 11403
2000 17853 17853
3000 24303 24303
4000 30303 30303
5000 36753 36753
6000 42753 42753
7000 48753 48753
8000 54753 54753
9000 61203 61203
10000 67203 67203
1000 11475 11475
2000 17931 17931
3000 24387 24387
4000 30387 30387
5000 36843 36843
6000 42843 42843
7000 48843 48843
8000 54843 54843
9000 61299 61299
10000 67299 67299
1000 11547 11547
2000 18009 18009
3000 24471 24471
4000 30471 30471
5000 36933 36933
6000 42933 42933
7000 48933 48933
8000 54933 54933
9000 61395 61395
10000 67395 67395
1000 11619 11619
2000 18087 18087
3000 24555 24555
4000 30555 30555
5000 37023 37023
6000 43023 43023
7000 49023 49023
8000 55023 55023
9000 61491 61491
10000 67491 67491
1000 11691 11691
2000 18165 18165
3000 24639 24639
4000 30639 30639
5000 37113 37113
6000 43113 43113
7000 49113 49113
8000 55113 55113
9000 61587 61587
10000 67587 67587
1000 11763 11763
2000 18243 18243
3000 24723 24723
4000 30723 30723
5000 37203 37203
6000 43203 43203
7000 49203 49203
8000 55203 55203
9000 61683 61683
10000 67683 67683
1000 11835 11835
2000 18321 18321
3000 24807 24807
4000 30807 30807
5000 37293 37293
6000 43293 43293
7000 49293 49293
8000 55293 55293
9000 61779 61779
10000 67779 67779
1000 11907 11907
2000 18399 18399
3000 24891 24891
4000 30891 30891
5000 37383 37383
6000 43383 43383
7000 49383 49383
8000 55383 55383
9000 61875 61875
10000 67875 67875
1000 11979 11979
2000 18477 18477
3000 24975 24975
4000 30975 30975
5000 37473 37473
6000 43473 43473
7000 49473 49473
8000 55473 55473
9000 61971 61971
10000 67971 67971
1000 12051 12051
2000 18555 18555
3000 25059 25059
4000 31059 31059
5000 37563 37563
6000 43563 43563
7000 49563 49563
8000 55563 55563
9000 62067 62067
10000 68067 68067
1000 12123 12123
2000 18633 18633
3000 25143 25143
4000 31143 31143
5000 37653 37653
6000 43653 43653
7000 49653 49653
8000 55653 55653
9000 62163 62163
10000 68163 68163
1000 12195 12195
2000 18711 18711
3000 25227 25227
4000 31227 31227
5000 37743 37743
6000 43743 43743
7000 49743 49743
8000 55743 55743
9000 62259 62259
10000 68259 68259
1000 12267 12267
2000 18789 18789
3000 25311 25311
4000 31311 31311
5000 37833 37833
6000 43833 43833
7000 49833 49833
8000 55833 55833
9000 62355 62355
10000 68355 68355
1000 12339 12339
2000 18867 18867
3000 25395 25395
4000 31395 31395
5000 37923 37923
6000 43923 43923
7000 49923 49923
8000 55923 55923
9000 62451 62451
10000 68451 68451
1000 12411 12411
2000 18945 18945
3000 25479 25479
4000 31479 31479
5000 38013 38013
6000 44013 44013
7000 50013 50013
8000 56013 56013
9000 62547 62547
10000 68547 68547
1000 12483 12483
2000 19023 19023
3000 25563 25563
4000 31563 31563
5000 38103 38103
6000 44103 44103
7000 50103 50103
8000 56103 56103
9000 62643 62643
10000 68643 68643
1000 12555 12555
2000 19101 19101
3000 25647 25647
4000 31647 31647
5000 38193 38193
6000 44193 44193
7000 50193 50193
8000 56193 56193
9000 62739 62739
10000 68739 68739
1000 12627 12627
2000 19179 19179
3000 25731 25731
4000 31731 31731
5000 38283 38283
6000 44283 44283
7000 50283 50283
8000 56283 56283
9000 62835 62835
10000 68835 68835
1000 12699 12699
2000 19257 19257
3000 25815 25815
4000 31815 31815
5000 38373 38373
6000 44373 44373
7000 50373 50373
8000 56373 56373
9000 62931 62931
10000 68931 68931
1000 12771 12771
2000 19335 19335
3000 25899 25899
4000 31899 31899
5000 38463 38463
6000 44463 44463
7000 50463 50463
8000 56463 56463
9000 63027 63027
10000 69027 69027
1000 12843 12843
2000 19413 19413
3000 25983 25983
4000 31983 31983
5000 38553 38553
6000 44553 44553
7000 50553 50553
8000 56553 56553
9000 63123 63123
10000 69123 69123
1000 12915 12915
2000 19491 19491
3000 26067 26067
4000 32067 32067
5000 38643 38643
6000 44643 44643
7000 50643 50643
8000 56643 56643
9000 63219 63219
10000 69219 69219
1000 12987 12987
2000 19569 19569
3000 26151 26151
4000 32151 32151
5000 38733 38733
6000 44733 44733
7000 50733 50733
8000 56733 56733
9000 63315 63315
10000 69315 69315
1000 13059 13059
2000 19647 19647
3000 26235 26235
4000 32235 32235
5000 38823 38823
6000 44823 44823
7000 50823 50823
8000 56823 56823
9000 63411 63411
10000 69411 69411
1000 13131 13131
2000 19725 19725
3000 26319 26319
4000 32319 32319
5000 38913 38913
6000 44913 44913
7000 50913 50913
8000 56913 56913
9000 63507 63507
10000 69507 69507
1000 13203 13203
2000 19803 19803
3000 26403 26403
4000 32403 32403
5000 39003 39003
6000 45003 45003
7000 51003 51003
8000 57003 57003
9000 63603 63603
10000 69603 69603
