1000 6075 6039
2000 12081 12042
3000 18087 18045
4000 24087 24045
5000 30093 30048
6000 36093 36048
7000 42093 42048
8000 48093 48048
9000 54099 54051
10000 60099 60051
1000 6147 6075
2000 12159 12081
3000 18171 18087
4000 24171 24087
5000 30183 30093
6000 36183 36093
7000 42183 42093
8000 48183 48093
9000 54195 54099
10000 60195 60099
1000 6219 6111
2000 12237 12120
3000 18255 18129
4000 24255 24129
5000 30273 30138
6000 36273 36138
7000 42273 42138
8000 48273 48138
9000 54291 54147
10000 60291 60147
1000 6291 6147
2000 12315 12159
3000 18339 18171
4000 24339 24171
5000 30363 30183
6000 36363 36183
7000 42363 42183
8000 48363 48183
9000 54387 54195
10000 60387 60195
1000 6363 6183
2000 12393 12198
3000 18423 18213
4000 24423 24213
5000 30453 30228
6000 36453 36228
7000 42453 42228
8000 48453 48228
9000 54483 54243
10000 60483 60243
1000 6435 6219
2000 12471 12237
3000 18507 18255
4000 24507 24255
5000 30543 30273
6000 36543 36273
7000 42543 42273
8000 48543 48273
9000 54579 54291
10000 60579 60291
1000 6507 6255
2000 12549 12276
3000 18591 18297
4000 24591 24297
5000 30633 30318
6000 36633 36318
7000 42633 42318
8000 48633 48318
9000 54675 54339
10000 60675 60339
1000 6579 6291
2000 12627 12315
3000 18675 18339
4000 24675 24339
5000 30723 30363
6000 36723 36363
7000 42723 42363
8000 48723 48363
9000 54771 54387
10000 60771 60387
1000 6651 6327
2000 12705 12354
3000 18759 18381
4000 24759 24381
5000 30813 30408
6000 36813 36408
7000 42813 42408
8000 48813 48408
9000 54867 54435
10000 60867 60435
1000 6723 6363
2000 12783 12393
3000 18843 18423
4000 24843 24423
5000 30903 30453
6000 36903 36453
7000 42903 42453
8000 48903 48453
9000 54963 54483
10000 60963 60483
1000 6795 6399
2000 12861 12432
3000 18927 18465
4000 24927 24465
5000 30993 30498
6000 36993 36498
7000 42993 42498
8000 48993 48498
9000 55059 54531
10000 61059 60531
1000 6867 6435
2000 12939 12471
3000 19011 18507
4000 25011 24507
5000 31083 30543
6000 37083 36543
7000 43083 42543
8000 49083 48543
9000 55155 54579
10000 61155 60579
1000 6939 6471
2000 13017 12510
3000 19095 18549
4000 25095 24549
5000 31173 30588
6000 37173 36588
7000 43173 42588
8000 49173 48588
9000 55251 54627
10000 61251 60627
1000 7011 6507
2000 13095 12549
3000 19179 18591
4000 25179 24591
5000 31263 30633
6000 37263 36633
7000 43263 42633
8000 49263 48633
9000 55347 54675
10000 61347 60675
1000 7083 6543
2000 13173 12588
3000 19263 18633
4000 25263 24633
5000 31353 30678
6000 37353 36678
7000 43353 42678
8000 49353 48678
9000 55443 54723
10000 61443 60723
1000 7155 6579
2000 13251 12627
3000 19347 18675
4000 25347 24675
5000 31443 30723
6000 37443 36723
7000 43443 42723
8000 49443 48723
9000 55539 54771
10000 61539 60771
1000 7227 6615
2000 13329 12666
3000 19431 18717
4000 25431 24717
5000 31533 30768
6000 37533 36768
7000 43533 42768
8000 49533 48768
9000 55635 54819
10000 61635 60819
1000 7299 6651
2000 13407 12705
3000 19515 18759
4000 25515 24759
5000 31623 30813
6000 37623 36813
7000 43623 42813
8000 49623 48813
9000 55731 54867
10000 61731 60867
1000 7371 6687
2000 13485 12744
3000 19599 18801
4000 25599 24801
5000 31713 30858
6000 37713 36858
7000 43713 42858
8000 49713 48858
9000 55827 54915
10000 61827 60915
1000 7443 6723
2000 13563 12783
3000 19683 18843
4000 25683 24843
5000 31803 30903
6000 37803 36903
7000 43803 42903
8000 49803 48903
9000 55923 54963
10000 61923 60963
1000 7515 6759
2000 13641 12822
3000 19767 18885
4000 25767 24885
5000 31893 30948
6000 37893 36948
7000 43893 42948
8000 49893 48948
9000 56019 55011
10000 62019 61011
1000 7587 6795
2000 13719 12861
3000 19851 18927
4000 25851 24927
5000 31983 30993
6000 37983 36993
7000 43983 42993
8000 49983 48993
9000 56115 55059
10000 62115 61059
1000 7659 6831
2000 13797 12900
3000 19935 18969
4000 25935 24969
5000 32073 31038
6000 38073 37038
7000 44073 43038
8000 50073 49038
9000 56211 55107
10000 62211 61107
1000 7731 6867
2000 13875 12939
3000 20019 19011
4000 26019 25011
5000 32163 31083
6000 38163 37083
7000 44163 43083
8000 50163 49083
9000 56307 55155
10000 62307 61155
1000 7803 6903
2000 13953 12978
3000 20103 19053
4000 26103 25053
5000 32253 31128
6000 38253 37128
7000 44253 43128
8000 50253 49128
9000 56403 55203
10000 62403 61203
1000 7875 6939
2000 14031 13017
3000 20187 19095
4000 26187 25095
5000 32343 31173
6000 38343 37173
7000 44343 43173
8000 50343 49173
9000 56499 55251
10000 62499 61251
1000 7947 6975
2000 14109 13056
3000 20271 19137
4000 26271 25137
5000 32433 31218
6000 38433 37218
7000 44433 43218
8000 50433 49218
9000 56595 55299
10000 62595 61299
1000 8019 7011
2000 14187 13095
3000 20355 19179
4000 26355 25179
5000 32523 31263
6000 38523 37263
7000 44523 43263
8000 50523 49263
9000 56691 55347
10000 62691 61347
1000 8091 7047
2000 14265 13134
3000 20439 19221
4000 26439 25221
5000 32613 31308
6000 38613 37308
7000 44613 43308
8000 50613 49308
9000 56787 55395
10000 62787 61395
1000 8163 7083
2000 14343 13173
3000 20523 19263
4000 26523 25263
5000 32703 31353
6000 38703 37353
7000 44703 43353
8000 50703 49353
9000 56883 55443
10000 62883 61443
1000 8235 7119
2000 14421 13212
3000 20607 19305
4000 26607 25305
5000 32793 31398
6000 38793 37398
7000 44793 43398
8000 50793 49398
9000 56979 55491
10000 62979 61491
1000 8307 7155
2000 14499 13251
3000 20691 19347
4000 26691 25347
5000 32883 31443
6000 38883 37443
7000 44883 43443
8000 50883 49443
9000 57075 55539
10000 63075 61539
1000 8379 7191
2000 14577 13290
3000 20775 19389
4000 26775 25389
5000 32973 31488
6000 38973 37488
7000 44973 43488
8000 50973 49488
9000 57171 55587
10000 63171 61587
1000 8451 7227
2000 14655 13329
3000 20859 19431
4000 26859 25431
5000 33063 31533
6000 39063 37533
7000 45063 43533
8000 51063 49533
9000 57267 55635
10000 63267 61635
1000 8523 7263
2000 14733 13368
3000 20943 19473
4000 26943 25473
5000 33153 31578
6000 39153 37578
7000 45153 43578
8000 51153 49578
9000 57363 55683
10000 63363 61683
1000 8595 7299
2000 14811 13407
3000 21027 19515
4000 27027 25515
5000 33243 31623
6000 39243 37623
7000 45243 43623
8000 51243 49623
9000 57459 55731
10000 63459 61731
1000 8667 7335
2000 14889 13446
3000 21111 19557
4000 27111 25557
5000 33333 31668
6000 39333 37668
7000 45333 43668
8000 51333 49668
9000 57555 55779
10000 63555 61779
1000 8739 7371
2000 14967 13485
3000 21195 19599
4000 27195 25599
5000 33423 31713
6000 39423 37713
7000 45423 43713
8000 51423 49713
9000 57651 55827
10000 63651 61827
1000 8811 7407
2000 15045 13524
3000 21279 19641
4000 27279 25641
5000 33513 31758
6000 39513 37758
7000 45513 43758
8000 51513 49758
9000 57747 55875
10000 63747 61875
1000 8883 7443
2000 15123 13563
3000 21363 19683
4000 27363 25683
5000 33603 31803
6000 39603 37803
7000 45603 43803
8000 51603 49803
9000 57843 55923
10000 63843 61923
1000 8955 7479
2000 15201 13602
3000 21447 19725
4000 27447 25725
5000 33693 31848
6000 39693 37848
7000 45693 43848
8000 51693 49848
9000 57939 55971
10000 63939 61971
1000 9027 7515
2000 15279 13641
3000 21531 19767
4000 27531 25767
5000 33783 31893
6000 39783 37893
7000 45783 43893
8000 51783 49893
9000 58035 56019
10000 64035 62019
1000 9099 7551
2000 15357 13680
3000 21615 19809
4000 27615 25809
5000 33873 31938
6000 39873 37938
7000 45873 43938
8000 51873 49938
9000 58131 56067
10000 64131 62067
1000 9171 7587
2000 15435 13719
3000 21699 19851
4000 27699 25851
5000 33963 31983
6000 39963 37983
7000 45963 43983
8000 51963 49983
9000 58227 56115
10000 64227 62115
1000 9243 7623
2000 15513 13758
3000 21783 19893
4000 27783 25893
5000 34053 32028
6000 40053 38028
7000 46053 44028
8000 52053 50028
9000 58323 56163
10000 64323 62163
1000 9315 7659
2000 15591 13797
3000 21867 19935
4000 27867 25935
5000 34143 32073
6000 40143 38073
7000 46143 44073
8000 52143 50073
9000 58419 56211
10000 64419 62211
1000 9387 7695
2000 15669 13836
3000 21951 19977
4000 27951 25977
5000 34233 32118
6000 40233 38118
7000 46233 44118
8000 52233 50118
9000 58515 56259
10000 64515 62259
1000 9459 7731
2000 15747 13875
3000 22035 20019
4000 28035 26019
5000 34323 32163
6000 40323 38163
7000 46323 44163
8000 52323 50163
9000 58611 56307
10000 64611 62307
1000 9531 7767
2000 15825 13914
3000 22119 20061
4000 28119 26061
5000 34413 32208
6000 40413 38208
7000 46413 44208
8000 52413 50208
9000 58707 56355
10000 64707 62355
1000 9603 7803
2000 15903 13953
3000 22203 20103
4000 28203 26103
5000 34503 32253
6000 40503 38253
7000 46503 44253
8000 52503 50253
9000 58803 56403
10000 64803 62403
1000 9675 7839
2000 15981 13992
3000 22287 20145
4000 28287 26145
5000 34593 32298
6000 40593 38298
7000 46593 44298
8000 52593 50298
9000 58899 56451
10000 64899 62451
1000 9747 7875
2000 16059 14031
3000 22371 20187
4000 28371 26187
5000 34683 32343
6000 40683 38343
7000 46683 44343
8000 52683 50343
9000 58995 56499
10000 64995 62499
1000 9819 7911
2000 16137 14070
3000 22455 20229
4000 28455 26229
5000 34773 32388
6000 40773 38388
7000 46773 44388
8000 52773 50388
9000 59091 56547
10000 65091 62547
1000 9891 7947
2000 16215 14109
3000 22539 20271
4000 28539 26271
5000 34863 32433
6000 40863 38433
7000 46863 44433
8000 52863 50433
9000 59187 56595
10000 65187 62595
1000 9963 7983
2000 16293 14148
3000 22623 20313
4000 28623 26313
5000 34953 32478
6000 40953 38478
7000 46953 44478
8000 52953 50478
9000 59283 56643
10000 65283 62643
1000 10035 8019
2000 16371 14187
3000 22707 20355
4000 28707 26355
5000 35043 32523
6000 41043 38523
7000 47043 44523
8000 53043 50523
9000 59379 56691
10000 65379 62691
1000 10107 8055
2000 16449 14226
3000 22791 20397
4000 28791 26397
5000 35133 32568
6000 41133 38568
7000 47133 44568
8000 53133 50568
9000 59475 56739
10000 65475 62739
1000 10179 8091
2000 16527 14265
3000 22875 20439
4000 28875 26439
5000 35223 32613
6000 41223 38613
7000 47223 44613
8000 53223 50613
9000 59571 56787
10000 65571 62787
1000 10251 8127
2000 16605 14304
3000 22959 20481
4000 28959 26481
5000 35313 32658
6000 41313 38658
7000 47313 44658
8000 53313 50658
9000 59667 56835
10000 65667 62835
1000 10323 8163
2000 16683 14343
3000 23043 20523
4000 29043 26523
5000 35403 32703
6000 41403 38703
7000 47403 44703
8000 53403 50703
9000 59763 56883
10000 65763 62883
1000 10395 8199
2000 16761 14382
3000 23127 20565
4000 29127 26565
5000 35493 32748
6000 41493 38748
7000 47493 44748
8000 53493 50748
9000 59859 56931
10000 65859 62931
1000 10467 8235
2000 16839 14421
3000 23211 20607
4000 29211 26607
5000 35583 32793
6000 41583 38793
7000 47583 44793
8000 53583 50793
9000 59955 56979
10000 65955 62979
1000 10539 8271
2000 16917 14460
3000 23295 20649
4000 29295 26649
5000 35673 32838
6000 41673 38838
7000 47673 44838
8000 53673 50838
9000 60051 57027
10000 66051 63027
1000 10611 8307
2000 16995 14499
3000 23379 20691
4000 29379 26691
5000 35763 32883
6000 41763 38883
7000 47763 44883
8000 53763 50883
9000 60147 57075
10000 66147 63075
1000 10683 8343
2000 17073 14538
3000 23463 20733
4000 29463 26733
5000 35853 32928
6000 41853 38928
7000 47853 44928
8000 53853 50928
9000 60243 57123
10000 66243 63123
1000 10755 8379
2000 17151 14577
3000 23547 20775
4000 29547 26775
5000 35943 32973
6000 41943 38973
7000 47943 44973
8000 53943 50973
9000 60339 57171
10000 66339 63171
1000 10827 8415
2000 17229 14616
3000 23631 20817
4000 29631 26817
5000 36033 33018
6000 42033 39018
7000 48033 45018
8000 54033 51018
9000 60435 57219
10000 66435 63219
1000 10899 8451
2000 17307 14655
3000 23715 20859
4000 29715 26859
5000 36123 33063
6000 42123 39063
7000 48123 45063
8000 54123 51063
9000 60531 57267
10000 66531 63267
1000 10971 8487
2000 17385 14694
3000 23799 20901
4000 29799 26901
5000 36213 33108
6000 42213 39108
7000 48213 45108
8000 54213 51108
9000 60627 57315
10000 66627 63315
1000 11043 8523
2000 17463 14733
3000 23883 20943
4000 29883 26943
5000 36303 33153
6000 42303 39153
7000 48303 45153
8000 54303 51153
9000 60723 57363
10000 66723 63363
1000 11115 8559
2000 17541 14772
3000 23967 20985
4000 29967 26985
5000 36393 33198
6000 42393 39198
7000 48393 45198
8000 54393 51198
9000 60819 57411
10000 66819 63411
1000 11187 8595
2000 17619 14811
3000 24051 21027
4000 30051 27027
5000 36483 33243
6000 42483 39243
7000 48483 45243
8000 54483 51243
9000 60915 57459
10000 66915 63459
1000 11259 8631
2000 17697 14850
3000 24135 21069
4000 30135 27069
5000 36573 33288
6000 42573 39288
7000 48573 45288
8000 54573 51288
9000 61011 57507
10000 67011 63507
1000 11331 8667
2000 17775 14889
3000 24219 21111
4000 30219 27111
5000 36663 33333
6000 42663 39333
7000 48663 45333
8000 54663 51333
9000 61107 57555
10000 67107 63555
1000 11403 8703
2000 17853 14928
3000 24303 21153
4000 30303 27153
5000 36753 33378
6000 42753 39378
7000 48753 45378
8000 54753 51378
9000 61203 57603
10000 67203 63603
1000 11475 8739
2000 17931 14967
3000 24387 21195
4000 30387 27195
5000 36843 33423
6000 42843 39423
7000 48843 45423
8000 54843 51423
9000 61299 57651
10000 67299 63651
1000 11547 8775
2000 18009 15006
3000 24471 21237
4000 30471 27237
5000 36933 33468
6000 42933 39468
7000 48933 45468
8000 54933 51468
9000 61395 57699
10000 67395 63699
1000 11619 8811
2000 18087 15045
3000 24555 21279
4000 30555 27279
5000 37023 33513
6000 43023 39513
7000 49023 45513
8000 55023 51513
9000 61491 57747
10000 67491 63747
1000 11691 8847
2000 18165 15084
3000 24639 21321
4000 30639 27321
5000 37113 33558
6000 43113 39558
7000 49113 45558
8000 55113 51558
9000 61587 57795
10000 67587 63795
1000 11763 8883
2000 18243 15123
3000 24723 21363
4000 30723 27363
5000 37203 33603
6000 43203 39603
7000 49203 45603
8000 55203 51603
9000 61683 57843
10000 67683 63843
1000 11835 8919
2000 18321 15162
3000 24807 21405
4000 30807 27405
5000 37293 33648
6000 43293 39648
7000 49293 45648
8000 55293 51648
9000 61779 57891
10000 67779 63891
1000 11907 8955
2000 18399 15201
3000 24891 21447
4000 30891 27447
5000 37383 33693
6000 43383 39693
7000 49383 45693
8000 55383 51693
9000 61875 57939
10000 67875 63939
1000 11979 8991
2000 18477 15240
3000 24975 21489
4000 30975 27489
5000 37473 33738
6000 43473 39738
7000 49473 45738
8000 55473 51738
9000 61971 57987
10000 67971 63987
1000 12051 9027
2000 18555 15279
3000 25059 21531
4000 31059 27531
5000 37563 33783
6000 43563 39783
7000 49563 45783
8000 55563 51783
9000 62067 58035
10000 68067 64035
1000 12123 9063
2000 18633 15318
3000 25143 21573
4000 31143 27573
5000 37653 33828
6000 43653 39828
7000 49653 45828
8000 55653 51828
9000 62163 58083
10000 68163 64083
1000 12195 9099
2000 18711 15357
3000 25227 21615
4000 31227 27615
5000 37743 33873
6000 43743 39873
7000 49743 45873
8000 55743 51873
9000 62259 58131
10000 68259 64131
1000 12267 9135
2000 18789 15396
3000 25311 21657
4000 31311 27657
5000 37833 33918
6000 43833 39918
7000 49833 45918
8000 55833 51918
9000 62355 58179
10000 68355 64179
1000 12339 9171
2000 18867 15435
3000 25395 21699
4000 31395 27699
5000 37923 33963
6000 43923 39963
7000 49923 45963
8000 55923 51963
9000 62451 58227
10000 68451 64227
1000 12411 9207
2000 18945 15474
3000 25479 21741
4000 31479 27741
5000 38013 34008
6000 44013 40008
7000 50013 46008
8000 56013 52008
9000 62547 58275
10000 68547 64275
1000 12483 9243
2000 19023 15513
3000 25563 21783
4000 31563 27783
5000 38103 34053
6000 44103 40053
7000 50103 46053
8000 56103 52053
9000 62643 58323
10000 68643 64323
1000 12555 9279
2000 19101 15552
3000 25647 21825
4000 31647 27825
5000 38193 34098
6000 44193 40098
7000 50193 46098
8000 56193 52098
9000 62739 58371
10000 68739 64371
1000 12627 9315
2000 19179 15591
3000 25731 21867
4000 31731 27867
5000 38283 34143
6000 44283 40143
7000 50283 46143
8000 56283 52143
9000 62835 58419
10000 68835 64419
1000 12699 9351
2000 19257 15630
3000 25815 21909
4000 31815 27909
5000 38373 34188
6000 44373 40188
7000 50373 46188
8000 56373 52188
9000 62931 58467
10000 68931 64467
1000 12771 9387
2000 19335 15669
3000 25899 21951
4000 31899 27951
5000 38463 34233
6000 44463 40233
7000 50463 46233
8000 56463 52233
9000 63027 58515
10000 69027 64515
1000 12843 9423
2000 19413 15708
3000 25983 21993
4000 31983 27993
5000 38553 34278
6000 44553 40278
7000 50553 46278
8000 56553 52278
9000 63123 58563
10000 69123 64563
1000 12915 9459
2000 19491 15747
3000 26067 22035
4000 32067 28035
5000 38643 34323
6000 44643 40323
7000 50643 46323
8000 56643 52323
9000 63219 58611
10000 69219 64611
1000 12987 9495
2000 19569 15786
3000 26151 22077
4000 32151 28077
5000 38733 34368
6000 44733 40368
7000 50733 46368
8000 56733 52368
9000 63315 58659
10000 69315 64659
1000 13059 9531
2000 19647 15825
3000 26235 22119
4000 32235 28119
5000 38823 34413
6000 44823 40413
7000 50823 46413
8000 56823 52413
9000 63411 58707
10000 69411 64707
1000 13131 9567
2000 19725 15864
3000 26319 22161
4000 32319 28161
5000 38913 34458
6000 44913 40458
7000 50913 46458
8000 56913 52458
9000 63507 58755
10000 69507 64755
1000 13203 9603
2000 19803 15903
3000 26403 22203
4000 32403 28203
5000 39003 34503
6000 45003 40503
7000 51003 46503
8000 57003 52503
9000 63603 58803
10000 69603 64803
