1000 2004 2002
2000 4004 4002
3000 6004 6002
4000 8004 8002
5000 10004 10002
6000 12004 12002
7000 14004 14002
8000 16004 16002
9000 18004 18002
10000 20004 20002
1000 4006 4002
2000 8006 8002
3000 12006 12002
4000 16006 16002
5000 20006 20002
6000 24006 24002
7000 28006 28002
8000 32006 32002
9000 36006 36002
10000 40006 40002
1000 6008 6000
2000 12008 12000
3000 18008 18000
4000 24008 24000
5000 30008 30000
6000 36008 36000
7000 42008 42000
8000 48008 48000
9000 54008 54000
10000 60008 60000
1000 8010 7996
2000 16010 15996
3000 24010 23996
4000 32010 31996
5000 40010 39996
6000 48010 47996
7000 56010 55996
8000 64010 63996
9000 72010 71996
10000 80010 79996
1000 10012 9990
2000 20012 19990
3000 30012 29990
4000 40012 39990
5000 50012 49990
6000 60012 59990
7000 70012 69990
8000 80012 79990
9000 90012 89990
10000 100012 99990
1000 12014 11982
2000 24014 23982
3000 36014 35982
4000 48014 47982
5000 60014 59982
6000 72014 71982
7000 84014 83982
8000 96014 95982
9000 108014 107982
10000 120014 119982
1000 14016 13972
2000 28016 27972
3000 42016 41972
4000 56016 55972
5000 70016 69972
6000 84016 83972
7000 98016 97972
8000 112016 111972
9000 126016 125972
10000 140016 139972
1000 16018 15960
2000 32018 31960
3000 48018 47960
4000 64018 63960
5000 80018 79960
6000 96018 95960
7000 112018 111960
8000 128018 127960
9000 144018 143960
10000 160018 159960
1000 18020 17946
2000 36020 35946
3000 54020 53946
4000 72020 71946
5000 90020 89946
6000 108020 107946
7000 126020 125946
8000 144020 143946
9000 162020 161946
10000 180020 179946
1000 20022 19930
2000 40022 39930
3000 60022 59930
4000 80022 79930
5000 100022 99930
6000 120022 119930
7000 140022 139930
8000 160022 159930
9000 180022 179930
10000 200022 199930
1000 22024 21912
2000 44024 43912
3000 66024 65912
4000 88024 87912
5000 110024 109912
6000 132024 131912
7000 154024 153912
8000 176024 175912
9000 198024 197912
10000 220024 219912
1000 24026 23892
2000 48026 47892
3000 72026 71892
4000 96026 95892
5000 120026 119892
6000 144026 143892
7000 168026 167892
8000 192026 191892
9000 216026 215892
10000 240026 239892
1000 26028 25870
2000 52028 51870
3000 78028 77870
4000 104028 103870
5000 130028 129870
6000 156028 155870
7000 182028 181870
8000 208028 207870
9000 234028 233870
10000 260028 259870
1000 28030 27846
2000 56030 55846
3000 84030 83846
4000 112030 111846
5000 140030 139846
6000 168030 167846
7000 196030 195846
8000 224030 223846
9000 252030 251846
10000 280030 279846
1000 30032 29820
2000 60032 59820
3000 90032 89820
4000 120032 119820
5000 150032 149820
6000 180032 179820
7000 210032 209820
8000 240032 239820
9000 270032 269820
10000 300032 299820
1000 32034 31792
2000 64034 63792
3000 96034 95792
4000 128034 127792
5000 160034 159792
6000 192034 191792
7000 224034 223792
8000 256034 255792
9000 288034 287792
10000 320034 319792
1000 34036 33762
2000 68036 67762
3000 102036 101762
4000 136036 135762
5000 170036 169762
6000 204036 203762
7000 238036 237762
8000 272036 271762
9000 306036 305762
10000 340036 339762
1000 36038 35730
2000 72038 71730
3000 108038 107730
4000 144038 143730
5000 180038 179730
6000 216038 215730
7000 252038 251730
8000 288038 287730
9000 324038 323730
10000 360038 359730
1000 38040 37696
2000 76040 75696
3000 114040 113696
4000 152040 151696
5000 190040 189696
6000 228040 227696
7000 266040 265696
8000 304040 303696
9000 342040 341696
10000 380040 379696
1000 40042 39660
2000 80042 79660
3000 120042 119660
4000 160042 159660
5000 200042 199660
6000 240042 239660
7000 280042 279660
8000 320042 319660
9000 360042 359660
10000 400042 399660
1000 42044 41622
2000 84044 83622
3000 126044 125622
4000 168044 167622
5000 210044 209622
6000 252044 251622
7000 294044 293622
8000 336044 335622
9000 378044 377622
10000 420044 419622
1000 44046 43582
2000 88046 87582
3000 132046 131582
4000 176046 175582
5000 220046 219582
6000 264046 263582
7000 308046 307582
8000 352046 351582
9000 396046 395582
10000 440046 439582
1000 46048 45540
2000 92048 91540
3000 138048 137540
4000 184048 183540
5000 230048 229540
6000 276048 275540
7000 322048 321540
8000 368048 367540
9000 414048 413540
10000 460048 459540
1000 48050 47496
2000 96050 95496
3000 144050 143496
4000 192050 191496
5000 240050 239496
6000 288050 287496
7000 336050 335496
8000 384050 383496
9000 432050 431496
10000 480050 479496
1000 50052 49450
2000 100052 99450
3000 150052 149450
4000 200052 199450
5000 250052 249450
6000 300052 299450
7000 350052 349450
8000 400052 399450
9000 450052 449450
10000 500052 499450
1000 52054 51402
2000 104054 103402
3000 156054 155402
4000 208054 207402
5000 260054 259402
6000 312054 311402
7000 364054 363402
8000 416054 415402
9000 468054 467402
10000 520054 519402
1000 54056 53352
2000 108056 107352
3000 162056 161352
4000 216056 215352
5000 270056 269352
6000 324056 323352
7000 378056 377352
8000 432056 431352
9000 486056 485352
10000 540056 539352
1000 56058 55300
2000 112058 111300
3000 168058 167300
4000 224058 223300
5000 280058 279300
6000 336058 335300
7000 392058 391300
8000 448058 447300
9000 504058 503300
10000 560058 559300
1000 58060 57246
2000 116060 115246
3000 174060 173246
4000 232060 231246
5000 290060 289246
6000 348060 347246
7000 406060 405246
8000 464060 463246
9000 522060 521246
10000 580060 579246
1000 60062 59190
2000 120062 119190
3000 180062 179190
4000 240062 239190
5000 300062 299190
6000 360062 359190
7000 420062 419190
8000 480062 479190
9000 540062 539190
10000 600062 599190
1000 62064 61132
2000 124064 123132
3000 186064 185132
4000 248064 247132
5000 310064 309132
6000 372064 371132
7000 434064 433132
8000 496064 495132
9000 558064 557132
10000 620064 619132
1000 64066 63072
2000 128066 127072
3000 192066 191072
4000 256066 255072
5000 320066 319072
6000 384066 383072
7000 448066 447072
8000 512066 511072
9000 576066 575072
10000 640066 639072
1000 66068 65010
2000 132068 131010
3000 198068 197010
4000 264068 263010
5000 330068 329010
6000 396068 395010
7000 462068 461010
8000 528068 527010
9000 594068 593010
10000 660068 659010
1000 68070 66946
2000 136070 134946
3000 204070 202946
4000 272070 270946
5000 340070 338946
6000 408070 406946
7000 476070 474946
8000 544070 542946
9000 612070 610946
10000 680070 678946
1000 70072 68880
2000 140072 138880
3000 210072 208880
4000 280072 278880
5000 350072 348880
6000 420072 418880
7000 490072 488880
8000 560072 558880
9000 630072 628880
10000 700072 698880
1000 72074 70812
2000 144074 142812
3000 216074 214812
4000 288074 286812
5000 360074 358812
6000 432074 430812
7000 504074 502812
8000 576074 574812
9000 648074 646812
10000 720074 718812
1000 74076 72742
2000 148076 146742
3000 222076 220742
4000 296076 294742
5000 370076 368742
6000 444076 442742
7000 518076 516742
8000 592076 590742
9000 666076 664742
10000 740076 738742
1000 76078 74670
2000 152078 150670
3000 228078 226670
4000 304078 302670
5000 380078 378670
6000 456078 454670
7000 532078 530670
8000 608078 606670
9000 684078 682670
10000 760078 758670
1000 78080 76596
2000 156080 154596
3000 234080 232596
4000 312080 310596
5000 390080 388596
6000 468080 466596
7000 546080 544596
8000 624080 622596
9000 702080 700596
10000 780080 778596
1000 80082 78520
2000 160082 158520
3000 240082 238520
4000 320082 318520
5000 400082 398520
6000 480082 478520
7000 560082 558520
8000 640082 638520
9000 720082 718520
10000 800082 798520
1000 82084 80442
2000 164084 162442
3000 246084 244442
4000 328084 326442
5000 410084 408442
6000 492084 490442
7000 574084 572442
8000 656084 654442
9000 738084 736442
10000 820084 818442
1000 84086 82362
2000 168086 166362
3000 252086 250362
4000 336086 334362
5000 420086 418362
6000 504086 502362
7000 588086 586362
8000 672086 670362
9000 756086 754362
10000 840086 838362
1000 86088 84280
2000 172088 170280
3000 258088 256280
4000 344088 342280
5000 430088 428280
6000 516088 514280
7000 602088 600280
8000 688088 686280
9000 774088 772280
10000 860088 858280
1000 88090 86196
2000 176090 174196
3000 264090 262196
4000 352090 350196
5000 440090 438196
6000 528090 526196
7000 616090 614196
8000 704090 702196
9000 792090 790196
10000 880090 878196
1000 90092 88110
2000 180092 178110
3000 270092 268110
4000 360092 358110
5000 450092 448110
6000 540092 538110
7000 630092 628110
8000 720092 718110
9000 810092 808110
10000 900092 898110
1000 92094 90022
2000 184094 182022
3000 276094 274022
4000 368094 366022
5000 460094 458022
6000 552094 550022
7000 644094 642022
8000 736094 734022
9000 828094 826022
10000 920094 918022
1000 94096 91932
2000 188096 185932
3000 282096 279932
4000 376096 373932
5000 470096 467932
6000 564096 561932
7000 658096 655932
8000 752096 749932
9000 846096 843932
10000 940096 937932
1000 96098 93840
2000 192098 189840
3000 288098 285840
4000 384098 381840
5000 480098 477840
6000 576098 573840
7000 672098 669840
8000 768098 765840
9000 864098 861840
10000 960098 957840
1000 98100 95746
2000 196100 193746
3000 294100 291746
4000 392100 389746
5000 490100 487746
6000 588100 585746
7000 686100 683746
8000 784100 781746
9000 882100 879746
10000 980100 977746
1000 100102 97650
2000 200102 197650
3000 300102 297650
4000 400102 397650
5000 500102 497650
6000 600102 597650
7000 700102 697650
8000 800102 797650
9000 900102 897650
10000 1000102 997650
1000 102104 99552
2000 204104 201552
3000 306104 303552
4000 408104 405552
5000 510104 507552
6000 612104 609552
7000 714104 711552
8000 816104 813552
9000 918104 915552
10000 1020104 1017552
1000 104106 101452
2000 208106 205452
3000 312106 309452
4000 416106 413452
5000 520106 517452
6000 624106 621452
7000 728106 725452
8000 832106 829452
9000 936106 933452
10000 1040106 1037452
1000 106108 103350
2000 212108 209350
3000 318108 315350
4000 424108 421350
5000 530108 527350
6000 636108 633350
7000 742108 739350
8000 848108 845350
9000 954108 951350
10000 1060108 1057350
1000 108110 105246
2000 216110 213246
3000 324110 321246
4000 432110 429246
5000 540110 537246
6000 648110 645246
7000 756110 753246
8000 864110 861246
9000 972110 969246
10000 1080110 1077246
1000 110112 107140
2000 220112 217140
3000 330112 327140
4000 440112 437140
5000 550112 547140
6000 660112 657140
7000 770112 767140
8000 880112 877140
9000 990112 987140
10000 1100112 1097140
1000 112114 109032
2000 224114 221032
3000 336114 333032
4000 448114 445032
5000 560114 557032
6000 672114 669032
7000 784114 781032
8000 896114 893032
9000 1008114 1005032
10000 1120114 1117032
1000 114116 110922
2000 228116 224922
3000 342116 338922
4000 456116 452922
5000 570116 566922
6000 684116 680922
7000 798116 794922
8000 912116 908922
9000 1026116 1022922
10000 1140116 1136922
1000 116118 112810
2000 232118 228810
3000 348118 344810
4000 464118 460810
5000 580118 576810
6000 696118 692810
7000 812118 808810
8000 928118 924810
9000 1044118 1040810
10000 1160118 1156810
1000 118120 114696
2000 236120 232696
3000 354120 350696
4000 472120 468696
5000 590120 586696
6000 708120 704696
7000 826120 822696
8000 944120 940696
9000 1062120 1058696
10000 1180120 1176696
1000 120122 116580
2000 240122 236580
3000 360122 356580
4000 480122 476580
5000 600122 596580
6000 720122 716580
7000 840122 836580
8000 960122 956580
9000 1080122 1076580
10000 1200122 1196580
1000 122124 118462
2000 244124 240462
3000 366124 362462
4000 488124 484462
5000 610124 606462
6000 732124 728462
7000 854124 850462
8000 976124 972462
9000 1098124 1094462
10000 1220124 1216462
1000 124126 120342
2000 248126 244342
3000 372126 368342
4000 496126 492342
5000 620126 616342
6000 744126 740342
7000 868126 864342
8000 992126 988342
9000 1116126 1112342
10000 1240126 1236342
1000 126128 122220
2000 252128 248220
3000 378128 374220
4000 504128 500220
5000 630128 626220
6000 756128 752220
7000 882128 878220
8000 1008128 1004220
9000 1134128 1130220
10000 1260128 1256220
1000 128130 124096
2000 256130 252096
3000 384130 380096
4000 512130 508096
5000 640130 636096
6000 768130 764096
7000 896130 892096
8000 1024130 1020096
9000 1152130 1148096
10000 1280130 1276096
1000 130132 125970
2000 260132 255970
3000 390132 385970
4000 520132 515970
5000 650132 645970
6000 780132 775970
7000 910132 905970
8000 1040132 1035970
9000 1170132 1165970
10000 1300132 1295970
1000 132134 127842
2000 264134 259842
3000 396134 391842
4000 528134 523842
5000 660134 655842
6000 792134 787842
7000 924134 919842
8000 1056134 1051842
9000 1188134 1183842
10000 1320134 1315842
1000 134136 129712
2000 268136 263712
3000 402136 397712
4000 536136 531712
5000 670136 665712
6000 804136 799712
7000 938136 933712
8000 1072136 1067712
9000 1206136 1201712
10000 1340136 1335712
1000 136138 131580
2000 272138 267580
3000 408138 403580
4000 544138 539580
5000 680138 675580
6000 816138 811580
7000 952138 947580
8000 1088138 1083580
9000 1224138 1219580
10000 1360138 1355580
1000 138140 133446
2000 276140 271446
3000 414140 409446
4000 552140 547446
5000 690140 685446
6000 828140 823446
7000 966140 961446
8000 1104140 1099446
9000 1242140 1237446
10000 1380140 1375446
1000 140142 135310
2000 280142 275310
3000 420142 415310
4000 560142 555310
5000 700142 695310
6000 840142 835310
7000 980142 975310
8000 1120142 1115310
9000 1260142 1255310
10000 1400142 1395310
1000 142144 137172
2000 284144 279172
3000 426144 421172
4000 568144 563172
5000 710144 705172
6000 852144 847172
7000 994144 989172
8000 1136144 1131172
9000 1278144 1273172
10000 1420144 1415172
1000 144146 139032
2000 288146 283032
3000 432146 427032
4000 576146 571032
5000 720146 715032
6000 864146 859032
7000 1008146 1003032
8000 1152146 1147032
9000 1296146 1291032
10000 1440146 1435032
1000 146148 140890
2000 292148 286890
3000 438148 432890
4000 584148 578890
5000 730148 724890
6000 876148 870890
7000 1022148 1016890
8000 1168148 1162890
9000 1314148 1308890
10000 1460148 1454890
1000 148150 142746
2000 296150 290746
3000 444150 438746
4000 592150 586746
5000 740150 734746
6000 888150 882746
7000 1036150 1030746
8000 1184150 1178746
9000 1332150 1326746
10000 1480150 1474746
1000 150152 144600
2000 300152 294600
3000 450152 444600
4000 600152 594600
5000 750152 744600
6000 900152 894600
7000 1050152 1044600
8000 1200152 1194600
9000 1350152 1344600
10000 1500152 1494600
1000 152154 146452
2000 304154 298452
3000 456154 450452
4000 608154 602452
5000 760154 754452
6000 912154 906452
7000 1064154 1058452
8000 1216154 1210452
9000 1368154 1362452
10000 1520154 1514452
1000 154156 148302
2000 308156 302302
3000 462156 456302
4000 616156 610302
5000 770156 764302
6000 924156 918302
7000 1078156 1072302
8000 1232156 1226302
9000 1386156 1380302
10000 1540156 1534302
1000 156158 150150
2000 312158 306150
3000 468158 462150
4000 624158 618150
5000 780158 774150
6000 936158 930150
7000 1092158 1086150
8000 1248158 1242150
9000 1404158 1398150
10000 1560158 1554150
1000 158160 151996
2000 316160 309996
3000 474160 467996
4000 632160 625996
5000 790160 783996
6000 948160 941996
7000 1106160 1099996
8000 1264160 1257996
9000 1422160 1415996
10000 1580160 1573996
1000 160162 153840
2000 320162 313840
3000 480162 473840
4000 640162 633840
5000 800162 793840
6000 960162 953840
7000 1120162 1113840
8000 1280162 1273840
9000 1440162 1433840
10000 1600162 1593840
1000 162164 155682
2000 324164 317682
3000 486164 479682
4000 648164 641682
5000 810164 803682
6000 972164 965682
7000 1134164 1127682
8000 1296164 1289682
9000 1458164 1451682
10000 1620164 1613682
1000 164166 157522
2000 328166 321522
3000 492166 485522
4000 656166 649522
5000 820166 813522
6000 984166 977522
7000 1148166 1141522
8000 1312166 1305522
9000 1476166 1469522
10000 1640166 1633522
1000 166168 159360
2000 332168 325360
3000 498168 491360
4000 664168 657360
5000 830168 823360
6000 996168 989360
7000 1162168 1155360
8000 1328168 1321360
9000 1494168 1487360
10000 1660168 1653360
1000 168170 161196
2000 336170 329196
3000 504170 497196
4000 672170 665196
5000 840170 833196
6000 1008170 1001196
7000 1176170 1169196
8000 1344170 1337196
9000 1512170 1505196
10000 1680170 1673196
1000 170172 163030
2000 340172 333030
3000 510172 503030
4000 680172 673030
5000 850172 843030
6000 1020172 1013030
7000 1190172 1183030
8000 1360172 1353030
9000 1530172 1523030
10000 1700172 1693030
1000 172174 164862
2000 344174 336862
3000 516174 508862
4000 688174 680862
5000 860174 852862
6000 1032174 1024862
7000 1204174 1196862
8000 1376174 1368862
9000 1548174 1540862
10000 1720174 1712862
1000 174176 166692
2000 348176 340692
3000 522176 514692
4000 696176 688692
5000 870176 862692
6000 1044176 1036692
7000 1218176 1210692
8000 1392176 1384692
9000 1566176 1558692
10000 1740176 1732692
1000 176178 168520
2000 352178 344520
3000 528178 520520
4000 704178 696520
5000 880178 872520
6000 1056178 1048520
7000 1232178 1224520
8000 1408178 1400520
9000 1584178 1576520
10000 1760178 1752520
1000 178180 170346
2000 356180 348346
3000 534180 526346
4000 712180 704346
5000 890180 882346
6000 1068180 1060346
7000 1246180 1238346
8000 1424180 1416346
9000 1602180 1594346
10000 1780180 1772346
1000 180182 172170
2000 360182 352170
3000 540182 532170
4000 720182 712170
5000 900182 892170
6000 1080182 1072170
7000 1260182 1252170
8000 1440182 1432170
9000 1620182 1612170
10000 1800182 1792170
1000 182184 173992
2000 364184 355992
3000 546184 537992
4000 728184 719992
5000 910184 901992
6000 1092184 1083992
7000 1274184 1265992
8000 1456184 1447992
9000 1638184 1629992
10000 1820184 1811992
1000 184186 175812
2000 368186 359812
3000 552186 543812
4000 736186 727812
5000 920186 911812
6000 1104186 1095812
7000 1288186 1279812
8000 1472186 1463812
9000 1656186 1647812
10000 1840186 1831812
1000 186188 177630
2000 372188 363630
3000 558188 549630
4000 744188 735630
5000 930188 921630
6000 1116188 1107630
7000 1302188 1293630
8000 1488188 1479630
9000 1674188 1665630
10000 1860188 1851630
1000 188190 179446
2000 376190 367446
3000 564190 555446
4000 752190 743446
5000 940190 931446
6000 1128190 1119446
7000 1316190 1307446
8000 1504190 1495446
9000 1692190 1683446
10000 1880190 1871446
1000 190192 181260
2000 380192 371260
3000 570192 561260
4000 760192 751260
5000 950192 941260
6000 1140192 1131260
7000 1330192 1321260
8000 1520192 1511260
9000 1710192 1701260
10000 1900192 1891260
1000 192194 183072
2000 384194 375072
3000 576194 567072
4000 768194 759072
5000 960194 951072
6000 1152194 1143072
7000 1344194 1335072
8000 1536194 1527072
9000 1728194 1719072
10000 1920194 1911072
1000 194196 184882
2000 388196 378882
3000 582196 572882
4000 776196 766882
5000 970196 960882
6000 1164196 1154882
7000 1358196 1348882
8000 1552196 1542882
9000 1746196 1736882
10000 1940196 1930882
1000 196198 186690
2000 392198 382690
3000 588198 578690
4000 784198 774690
5000 980198 970690
6000 1176198 1166690
7000 1372198 1362690
8000 1568198 1558690
9000 1764198 1754690
10000 1960198 1950690
1000 198200 188496
2000 396200 386496
3000 594200 584496
4000 792200 782496
5000 990200 980496
6000 1188200 1178496
7000 1386200 1376496
8000 1584200 1574496
9000 1782200 1772496
10000 1980200 1970496
1000 200202 190300
2000 400202 390300
3000 600202 590300
4000 800202 790300
5000 1000202 990300
6000 1200202 1190300
7000 1400202 1390300
8000 1600202 1590300
9000 1800202 1790300
10000 2000202 1990300
