1000 53454 51173
2000 106490 102195
3000 159526 153217
4000 212526 204217
5000 265562 255239
6000 318562 306239
7000 371562 357239
8000 424562 408239
9000 477598 459261
10000 530598 510261
1000 53886 51372
2000 106958 102416
3000 160030 153438
4000 213030 204460
5000 266102 255482
6000 319102 306482
7000 372102 357504
8000 425102 408504
9000 478174 459526
10000 531174 510526
1000 54318 51549
2000 107426 102615
3000 160534 153659
4000 213534 204681
5000 266642 255725
6000 319642 306725
7000 372642 357747
8000 425642 408747
9000 478750 459791
10000 531750 510791
1000 54750 51748
2000 107894 102836
3000 161038 153880
4000 214038 204924
5000 267182 255946
6000 320182 306968
7000 373182 357990
8000 426182 409012
9000 479326 460034
10000 532326 511034
1000 55182 51925
2000 108362 103035
3000 161542 154079
4000 214542 205145
5000 267722 256189
6000 320722 307189
7000 373722 358233
8000 426722 409255
9000 479902 460299
10000 532902 511299
1000 55614 52102
2000 108830 103234
3000 162046 154300
4000 215046 205366
5000 268262 256410
6000 321262 307432
7000 374262 358454
8000 427262 409498
9000 480478 460542
10000 533478 511542
1000 56046 52257
2000 109298 103411
3000 162550 154521
4000 215550 205565
5000 268802 256631
6000 321802 307675
7000 374802 358697
8000 427802 409719
9000 481054 460785
10000 534054 511785
1000 56478 52456
2000 109766 103632
3000 163054 154720
4000 216054 205808
5000 269342 256852
6000 322342 307896
7000 375342 358940
8000 428342 409984
9000 481630 461006
10000 534630 512028
1000 56910 52633
2000 110234 103831
3000 163558 154919
4000 216558 206029
5000 269882 257051
6000 322882 308117
7000 375882 359161
8000 428882 410227
9000 482206 461271
10000 535206 512249
1000 57342 52810
2000 110702 104030
3000 164062 155118
4000 217062 206250
5000 270422 257294
6000 323422 308338
7000 376422 359404
8000 429422 410470
9000 482782 461514
10000 535782 512514
1000 57774 52965
2000 111170 104207
3000 164566 155295
4000 217566 206449
5000 270962 257515
6000 323962 308537
7000 376962 359625
8000 429962 410691
9000 483358 461757
10000 536358 512757
1000 58206 53142
2000 111638 104406
3000 165070 155516
4000 218070 206670
5000 271502 257736
6000 324502 308780
7000 377502 359846
8000 430502 410934
9000 483934 461978
10000 536934 513000
1000 58638 53297
2000 112106 104583
3000 165574 155737
4000 218574 206869
5000 272042 257957
6000 325042 309023
7000 378042 360045
8000 431042 411155
9000 484510 462221
10000 537510 513243
1000 59070 53452
2000 112574 104760
3000 166078 155936
4000 219078 207068
5000 272582 258156
6000 325582 309244
7000 378582 360288
8000 431582 411376
9000 485086 462442
10000 538086 513464
1000 59502 53585
2000 113042 104915
3000 166582 156135
4000 219582 207245
5000 273122 258377
6000 326122 309465
7000 379122 360531
8000 432122 411575
9000 485662 462663
10000 538662 513707
1000 59934 53784
2000 113510 105136
3000 167086 156334
4000 220086 207488
5000 273662 258576
6000 326662 309686
7000 379662 360752
8000 432662 411840
9000 486238 462884
10000 539238 513928
1000 60366 53961
2000 113978 105335
3000 167590 156511
4000 220590 207709
5000 274202 258775
6000 327202 309885
7000 380202 360995
8000 433202 412083
9000 486814 463083
10000 539814 514149
1000 60798 54138
2000 114446 105534
3000 168094 156710
4000 221094 207930
5000 274742 258974
6000 327742 310106
7000 380742 361216
8000 433742 412326
9000 487390 463348
10000 540390 514370
1000 61230 54293
2000 114914 105711
3000 168598 156909
4000 221598 208129
5000 275282 259151
6000 328282 310327
7000 381282 361437
8000 434282 412547
9000 487966 463591
10000 540966 514569
1000 61662 54470
2000 115382 105910
3000 169102 157086
4000 222102 208350
5000 275822 259394
6000 328822 310526
7000 381822 361636
8000 434822 412790
9000 488542 463834
10000 541542 514834
1000 62094 54625
2000 115850 106087
3000 169606 157263
4000 222606 208549
5000 276362 259615
6000 329362 310725
7000 382362 361857
8000 435362 413011
9000 489118 464055
10000 542118 515077
1000 62526 54780
2000 116318 106264
3000 170110 157440
4000 223110 208748
5000 276902 259836
6000 329902 310924
7000 382902 362078
8000 435902 413232
9000 489694 464298
10000 542694 515320
1000 62958 54913
2000 116786 106419
3000 170614 157595
4000 223614 208925
5000 277442 260057
6000 330442 311101
7000 383442 362277
8000 436442 413431
9000 490270 464519
10000 543270 515563
1000 63390 55090
2000 117254 106618
3000 171118 157816
4000 224118 209146
5000 277982 260256
6000 330982 311344
7000 383982 362498
8000 436982 413674
9000 490846 464740
10000 543846 515784
1000 63822 55245
2000 117722 106795
3000 171622 158015
4000 224622 209345
5000 278522 260477
6000 331522 311565
7000 384522 362697
8000 437522 413895
9000 491422 464961
10000 544422 516027
1000 64254 55400
2000 118190 106972
3000 172126 158214
4000 225126 209544
5000 279062 260676
6000 332062 311786
7000 385062 362896
8000 438062 414116
9000 491998 465160
10000 544998 516248
1000 64686 55533
2000 118658 107127
3000 172630 158413
4000 225630 209721
5000 279602 260875
6000 332602 312007
7000 385602 363073
8000 438602 414315
9000 492574 465403
10000 545574 516469
1000 65118 55688
2000 119126 107304
3000 173134 158590
4000 226134 209920
5000 280142 261074
6000 333142 312206
7000 386142 363316
8000 439142 414536
9000 493150 465624
10000 546150 516690
1000 65550 55821
2000 119594 107459
3000 173638 158789
4000 226638 210097
5000 280682 261251
6000 333682 312427
7000 386682 363559
8000 439682 414735
9000 493726 465845
10000 546726 516889
1000 65982 55954
2000 120062 107614
3000 174142 158988
4000 227142 210274
5000 281222 261472
6000 334222 312648
7000 387222 363780
8000 440222 414934
9000 494302 466044
10000 547302 517132
1000 66414 56065
2000 120530 107747
3000 174646 159165
4000 227646 210429
5000 281762 261671
6000 334762 312847
7000 387762 364001
8000 440762 415111
9000 494878 466265
10000 547878 517353
1000 66846 56242
2000 120998 107946
3000 175150 159342
4000 228150 210650
5000 282302 261870
6000 335302 313046
7000 388302 364222
8000 441302 415354
9000 495454 466464
10000 548454 517574
1000 67278 56419
2000 121466 108145
3000 175654 159519
4000 228654 210871
5000 282842 262069
6000 335842 313245
7000 388842 364421
8000 441842 415597
9000 496030 466663
10000 549030 517795
1000 67710 56574
2000 121934 108322
3000 176158 159674
4000 229158 211070
5000 283382 262246
6000 336382 313422
7000 389382 364642
8000 442382 415818
9000 496606 466862
10000 549606 517994
1000 68142 56751
2000 122402 108521
3000 176662 159873
4000 229662 211291
5000 283922 262445
6000 336922 313643
7000 389922 364863
8000 442922 416061
9000 497182 467039
10000 550182 518215
1000 68574 56906
2000 122870 108698
3000 177166 160072
4000 230166 211490
5000 284462 262622
6000 337462 313864
7000 390462 365062
8000 443462 416282
9000 497758 467304
10000 550758 518414
1000 69006 57061
2000 123338 108875
3000 177670 160249
4000 230670 211689
5000 285002 262799
6000 338002 314063
7000 391002 365283
8000 444002 416503
9000 498334 467547
10000 551334 518613
1000 69438 57194
2000 123806 109030
3000 178174 160426
4000 231174 211866
5000 285542 262976
6000 338542 314262
7000 391542 365482
8000 444542 416702
9000 498910 467790
10000 551910 518812
1000 69870 57371
2000 124274 109229
3000 178678 160603
4000 231678 212087
5000 286082 263131
6000 339082 314461
7000 392082 365681
8000 445082 416945
9000 499486 468011
10000 552486 518989
1000 70302 57526
2000 124742 109406
3000 179182 160758
4000 232182 212286
5000 286622 263374
6000 339622 314638
7000 392622 365858
8000 445622 417166
9000 500062 468254
10000 553062 519254
1000 70734 57681
2000 125210 109583
3000 179686 160935
4000 232686 212485
5000 287162 263595
6000 340162 314837
7000 393162 366079
8000 446162 417387
9000 500638 468475
10000 553638 519497
1000 71166 57814
2000 125678 109738
3000 180190 161112
4000 233190 212662
5000 287702 263816
6000 340702 315036
7000 393702 366300
8000 446702 417586
9000 501214 468696
10000 554214 519740
1000 71598 57969
2000 126146 109915
3000 180694 161267
4000 233694 212861
5000 288242 264015
6000 341242 315213
7000 394242 366499
8000 447242 417807
9000 501790 468895
10000 554790 519961
1000 72030 58102
2000 126614 110070
3000 181198 161422
4000 234198 213038
5000 288782 264236
6000 341782 315390
7000 394782 366720
8000 447782 418006
9000 502366 469138
10000 555366 520204
1000 72462 58235
2000 127082 110225
3000 181702 161577
4000 234702 213215
5000 289322 264435
6000 342322 315567
7000 395322 366919
8000 448322 418205
9000 502942 469359
10000 555942 520425
1000 72894 58346
2000 127550 110358
3000 182206 161710
4000 235206 213370
5000 289862 264634
6000 342862 315722
7000 395862 367118
8000 448862 418382
9000 503518 469580
10000 556518 520646
1000 73326 58523
2000 128018 110557
3000 182710 161931
4000 235710 213591
5000 290402 264833
6000 343402 315965
7000 396402 367295
8000 449402 418625
9000 504094 469779
10000 557094 520867
1000 73758 58678
2000 128486 110734
3000 183214 162130
4000 236214 213790
5000 290942 265010
6000 343942 316186
7000 396942 367494
8000 449942 418846
9000 504670 470000
10000 557670 521066
1000 74190 58833
2000 128954 110911
3000 183718 162329
4000 236718 213989
5000 291482 265231
6000 344482 316407
7000 397482 367693
8000 450482 419067
9000 505246 470199
10000 558246 521309
1000 74622 58966
2000 129422 111066
3000 184222 162528
4000 237222 214166
5000 292022 265430
6000 345022 316628
7000 398022 367870
8000 451022 419266
9000 505822 470398
10000 558822 521530
1000 75054 59121
2000 129890 111243
3000 184726 162705
4000 237726 214365
5000 292562 265629
6000 345562 316827
7000 398562 368069
8000 451562 419487
9000 506398 470597
10000 559398 521751
1000 75486 59254
2000 130358 111398
3000 185230 162904
4000 238230 214542
5000 293102 265828
6000 346102 317048
7000 399102 368246
8000 452102 419686
9000 506974 470774
10000 559974 521972
1000 75918 59387
2000 130826 111553
3000 185734 163103
4000 238734 214719
5000 293642 266005
6000 346642 317269
7000 399642 368423
8000 452642 419885
9000 507550 471017
10000 560550 522171
1000 76350 59498
2000 131294 111686
3000 186238 163280
4000 239238 214874
5000 294182 266204
6000 347182 317468
7000 400182 368578
8000 453182 420062
9000 508126 471238
10000 561126 522392
1000 76782 59653
2000 131762 111863
3000 186742 163457
4000 239742 215073
5000 294722 266381
6000 347722 317667
7000 400722 368821
8000 453722 420283
9000 508702 471459
10000 561702 522591
1000 77214 59786
2000 132230 112018
3000 187246 163634
4000 240246 215250
5000 295262 266558
6000 348262 317866
7000 401262 369064
8000 454262 420482
9000 509278 471658
10000 562278 522790
1000 77646 59919
2000 132698 112173
3000 187750 163789
4000 240750 215427
5000 295802 266735
6000 348802 318043
7000 401802 369285
8000 454802 420681
9000 509854 471879
10000 562854 522989
1000 78078 60030
2000 133166 112306
3000 188254 163988
4000 241254 215582
5000 296342 266890
6000 349342 318264
7000 402342 369506
8000 455342 420858
9000 510430 472078
10000 563430 523166
1000 78510 60163
2000 133634 112461
3000 188758 164187
4000 241758 215759
5000 296882 267111
6000 349882 318485
7000 402882 369727
8000 455882 421057
9000 511006 472277
10000 564006 523409
1000 78942 60274
2000 134102 112594
3000 189262 164364
4000 242262 215914
5000 297422 267310
6000 350422 318684
7000 403422 369926
8000 456422 421234
9000 511582 472476
10000 564582 523630
1000 79374 60385
2000 134570 112727
3000 189766 164541
4000 242766 216069
5000 297962 267509
6000 350962 318883
7000 403962 370147
8000 456962 421411
9000 512158 472653
10000 565158 523851
1000 79806 60474
2000 135038 112838
3000 190270 164718
4000 243270 216202
5000 298502 267708
6000 351502 319082
7000 404502 370368
8000 457502 421566
9000 512734 472874
10000 565734 524072
1000 80238 60651
2000 135506 113037
3000 190774 164873
4000 243774 216423
5000 299042 267885
6000 352042 319259
7000 405042 370567
8000 458042 421809
9000 513310 473073
10000 566310 524271
1000 80670 60828
2000 135974 113236
3000 191278 165050
4000 244278 216644
5000 299582 268084
6000 352582 319458
7000 405582 370788
8000 458582 422052
9000 513886 473272
10000 566886 524492
1000 81102 60983
2000 136442 113413
3000 191782 165227
4000 244782 216843
5000 300122 268261
6000 353122 319657
7000 406122 370987
8000 459122 422273
9000 514462 473449
10000 567462 524691
1000 81534 61160
2000 136910 113612
3000 192286 165382
4000 245286 217064
5000 300662 268438
6000 353662 319834
7000 406662 371186
8000 459662 422516
9000 515038 473648
10000 568038 524890
1000 81966 61315
2000 137378 113789
3000 192790 165537
4000 245790 217263
5000 301202 268615
6000 354202 320011
7000 407202 371363
8000 460202 422737
9000 515614 473825
10000 568614 525089
1000 82398 61470
2000 137846 113966
3000 193294 165692
4000 246294 217462
5000 301742 268770
6000 354742 320188
7000 407742 371584
8000 460742 422958
9000 516190 474002
10000 569190 525266
1000 82830 61603
2000 138314 114121
3000 193798 165825
4000 246798 217639
5000 302282 268969
6000 355282 320343
7000 408282 371805
8000 461282 423157
9000 516766 474179
10000 569766 525487
1000 83262 61780
2000 138782 114320
3000 194302 166024
4000 247302 217860
5000 302822 269146
6000 355822 320564
7000 408822 372004
8000 461822 423400
9000 517342 474334
10000 570342 525686
1000 83694 61935
2000 139250 114497
3000 194806 166223
4000 247806 218059
5000 303362 269323
6000 356362 320785
7000 409362 372225
8000 462362 423621
9000 517918 474599
10000 570918 525885
1000 84126 62090
2000 139718 114674
3000 195310 166400
4000 248310 218258
5000 303902 269500
6000 356902 320984
7000 409902 372424
8000 462902 423842
9000 518494 474842
10000 571494 526084
1000 84558 62223
2000 140186 114829
3000 195814 166577
4000 248814 218435
5000 304442 269655
6000 357442 321183
7000 410442 372623
8000 463442 424041
9000 519070 475085
10000 572070 526261
1000 84990 62378
2000 140654 115006
3000 196318 166754
4000 249318 218634
5000 304982 269832
6000 357982 321382
7000 410982 372800
8000 463982 424262
9000 519646 475306
10000 572646 526460
1000 85422 62511
2000 141122 115161
3000 196822 166909
4000 249822 218811
5000 305522 269987
6000 358522 321559
7000 411522 372999
8000 464522 424461
9000 520222 475549
10000 573222 526637
1000 85854 62644
2000 141590 115316
3000 197326 167086
4000 250326 218988
5000 306062 270142
6000 359062 321758
7000 412062 373198
8000 465062 424660
9000 520798 475770
10000 573798 526814
1000 86286 62755
2000 142058 115449
3000 197830 167263
4000 250830 219143
5000 306602 270297
6000 359602 321957
7000 412602 373375
8000 465602 424837
9000 521374 475991
10000 574374 526991
1000 86718 62932
2000 142526 115648
3000 198334 167418
4000 251334 219364
5000 307142 270430
6000 360142 322134
7000 413142 373574
8000 466142 425080
9000 521950 476190
10000 574950 527146
1000 87150 63087
2000 142994 115825
3000 198838 167573
4000 251838 219563
5000 307682 270673
6000 360682 322311
7000 413682 373751
8000 466682 425301
9000 522526 476433
10000 575526 527411
1000 87582 63242
2000 143462 116002
3000 199342 167728
4000 252342 219762
5000 308222 270894
6000 361222 322488
7000 414222 373928
8000 467222 425522
9000 523102 476654
10000 576102 527654
1000 88014 63375
2000 143930 116157
3000 199846 167861
4000 252846 219939
5000 308762 271115
6000 361762 322643
7000 414762 374083
8000 467762 425721
9000 523678 476875
10000 576678 527897
1000 88446 63530
2000 144398 116334
3000 200350 168038
4000 253350 220138
5000 309302 271314
6000 362302 322842
7000 415302 374304
8000 468302 425942
9000 524254 477074
10000 577254 528118
1000 88878 63663
2000 144866 116489
3000 200854 168215
4000 253854 220315
5000 309842 271535
6000 362842 323041
7000 415842 374525
8000 468842 426141
9000 524830 477295
10000 577830 528361
1000 89310 63796
2000 145334 116644
3000 201358 168370
4000 254358 220492
5000 310382 271734
6000 363382 323218
7000 416382 374724
8000 469382 426340
9000 525406 477494
10000 578406 528582
1000 89742 63907
2000 145802 116777
3000 201862 168525
4000 254862 220647
5000 310922 271933
6000 363922 323395
7000 416922 374945
8000 469922 426517
9000 525982 477693
10000 578982 528803
1000 90174 64062
2000 146270 116954
3000 202366 168680
4000 255366 220846
5000 311462 272132
6000 364462 323572
7000 417462 375144
8000 470462 426738
9000 526558 477892
10000 579558 529024
1000 90606 64195
2000 146738 117109
3000 202870 168813
4000 255870 221023
5000 312002 272309
6000 365002 323727
7000 418002 375343
8000 471002 426937
9000 527134 478069
10000 580134 529223
1000 91038 64328
2000 147206 117264
3000 203374 168968
4000 256374 221200
5000 312542 272530
6000 365542 323904
7000 418542 375520
8000 471542 427136
9000 527710 478312
10000 580710 529466
1000 91470 64439
2000 147674 117397
3000 203878 169123
4000 256878 221355
5000 313082 272729
6000 366082 324081
7000 419082 375719
8000 472082 427313
9000 528286 478533
10000 581286 529687
1000 91902 64572
2000 148142 117552
3000 204382 169256
4000 257382 221532
5000 313622 272928
6000 366622 324236
7000 419622 375918
8000 472622 427512
9000 528862 478754
10000 581862 529908
1000 92334 64683
2000 148610 117685
3000 204886 169389
4000 257886 221687
5000 314162 273127
6000 367162 324391
7000 420162 376095
8000 473162 427689
9000 529438 478953
10000 582438 530129
1000 92766 64794
2000 149078 117818
3000 205390 169522
4000 258390 221842
5000 314702 273304
6000 367702 324546
7000 420702 376294
8000 473702 427866
9000 530014 479174
10000 583014 530328
1000 93198 64883
2000 149546 117929
3000 205894 169633
4000 258894 221975
5000 315242 273503
6000 368242 324679
7000 421242 376471
8000 474242 428021
9000 530590 479373
10000 583590 530549
1000 93630 65060
2000 150014 118128
3000 206398 169854
4000 259398 222196
5000 315782 273680
6000 368782 324922
7000 421782 376648
8000 474782 428264
9000 531166 479572
10000 584166 530748
1000 94062 65215
2000 150482 118305
3000 206902 170053
4000 259902 222395
5000 316322 273857
6000 369322 325143
7000 422322 376803
8000 475322 428485
9000 531742 479771
10000 584742 530947
1000 94494 65370
2000 150950 118482
3000 207406 170252
4000 260406 222594
5000 316862 274034
6000 369862 325364
7000 422862 377002
8000 475862 428706
9000 532318 479948
10000 585318 531146
1000 94926 65503
2000 151418 118637
3000 207910 170451
4000 260910 222771
5000 317402 274189
6000 370402 325585
7000 423402 377201
8000 476402 428905
9000 532894 480169
10000 585894 531323
1000 95358 65658
2000 151886 118814
3000 208414 170628
4000 261414 222970
5000 317942 274410
6000 370942 325784
7000 423942 377378
8000 476942 429126
9000 533470 480368
10000 586470 531566
1000 95790 65791
2000 152354 118969
3000 208918 170827
4000 261918 223147
5000 318482 274609
6000 371482 326005
7000 424482 377577
8000 477482 429325
9000 534046 480567
10000 587046 531787
1000 96222 65924
2000 152822 119124
3000 209422 171026
4000 262422 223324
5000 319022 274808
6000 372022 326226
7000 425022 377754
8000 478022 429524
9000 534622 480744
10000 587622 532008
