1000 53454 51173
2000 106490 104209
3000 159526 157245
4000 212526 210245
5000 265562 263281
6000 318562 316281
7000 371562 369281
8000 424562 422281
9000 477598 475317
10000 530598 528317
1000 53886 51605
2000 106958 104677
3000 160030 157749
4000 213030 210749
5000 266102 263821
6000 319102 316821
7000 372102 369821
8000 425102 422821
9000 478174 475893
10000 531174 528893
1000 54318 52037
2000 107426 105145
3000 160534 158253
4000 213534 211253
5000 266642 264361
6000 319642 317361
7000 372642 370361
8000 425642 423361
9000 478750 476469
10000 531750 529469
1000 54750 52469
2000 107894 105613
3000 161038 158757
4000 214038 211757
5000 267182 264901
6000 320182 317901
7000 373182 370901
8000 426182 423901
9000 479326 477045
10000 532326 530045
1000 55182 52901
2000 108362 106081
3000 161542 159261
4000 214542 212261
5000 267722 265441
6000 320722 318441
7000 373722 371441
8000 426722 424441
9000 479902 477621
10000 532902 530621
1000 55614 53333
2000 108830 106549
3000 162046 159765
4000 215046 212765
5000 268262 265981
6000 321262 318981
7000 374262 371981
8000 427262 424981
9000 480478 478197
10000 533478 531197
1000 56046 53765
2000 109298 107017
3000 162550 160269
4000 215550 213269
5000 268802 266521
6000 321802 319521
7000 374802 372521
8000 427802 425521
9000 481054 478773
10000 534054 531773
1000 56478 54197
2000 109766 107485
3000 163054 160773
4000 216054 213773
5000 269342 267061
6000 322342 320061
7000 375342 373061
8000 428342 426061
9000 481630 479349
10000 534630 532349
1000 56910 54629
2000 110234 107953
3000 163558 161277
4000 216558 214277
5000 269882 267601
6000 322882 320601
7000 375882 373601
8000 428882 426601
9000 482206 479925
10000 535206 532925
1000 57342 55061
2000 110702 108421
3000 164062 161781
4000 217062 214781
5000 270422 268141
6000 323422 321141
7000 376422 374141
8000 429422 427141
9000 482782 480501
10000 535782 533501
1000 57774 55493
2000 111170 108889
3000 164566 162285
4000 217566 215285
5000 270962 268681
6000 323962 321681
7000 376962 374681
8000 429962 427681
9000 483358 481077
10000 536358 534077
1000 58206 55925
2000 111638 109357
3000 165070 162789
4000 218070 215789
5000 271502 269221
6000 324502 322221
7000 377502 375221
8000 430502 428221
9000 483934 481653
10000 536934 534653
1000 58638 56357
2000 112106 109825
3000 165574 163293
4000 218574 216293
5000 272042 269761
6000 325042 322761
7000 378042 375761
8000 431042 428761
9000 484510 482229
10000 537510 535229
1000 59070 56789
2000 112574 110293
3000 166078 163797
4000 219078 216797
5000 272582 270301
6000 325582 323301
7000 378582 376301
8000 431582 429301
9000 485086 482805
10000 538086 535805
1000 59502 57221
2000 113042 110761
3000 166582 164301
4000 219582 217301
5000 273122 270841
6000 326122 323841
7000 379122 376841
8000 432122 429841
9000 485662 483381
10000 538662 536381
1000 59934 57653
2000 113510 111229
3000 167086 164805
4000 220086 217805
5000 273662 271381
6000 326662 324381
7000 379662 377381
8000 432662 430381
9000 486238 483957
10000 539238 536957
1000 60366 58085
2000 113978 111697
3000 167590 165309
4000 220590 218309
5000 274202 271921
6000 327202 324921
7000 380202 377921
8000 433202 430921
9000 486814 484533
10000 539814 537533
1000 60798 58517
2000 114446 112165
3000 168094 165813
4000 221094 218813
5000 274742 272461
6000 327742 325461
7000 380742 378461
8000 433742 431461
9000 487390 485109
10000 540390 538109
1000 61230 58949
2000 114914 112633
3000 168598 166317
4000 221598 219317
5000 275282 273001
6000 328282 326001
7000 381282 379001
8000 434282 432001
9000 487966 485685
10000 540966 538685
1000 61662 59381
2000 115382 113101
3000 169102 166821
4000 222102 219821
5000 275822 273541
6000 328822 326541
7000 381822 379541
8000 434822 432541
9000 488542 486261
10000 541542 539261
1000 62094 59813
2000 115850 113569
3000 169606 167325
4000 222606 220325
5000 276362 274081
6000 329362 327081
7000 382362 380081
8000 435362 433081
9000 489118 486837
10000 542118 539837
1000 62526 60245
2000 116318 114037
3000 170110 167829
4000 223110 220829
5000 276902 274621
6000 329902 327621
7000 382902 380621
8000 435902 433621
9000 489694 487413
10000 542694 540413
1000 62958 60677
2000 116786 114505
3000 170614 168333
4000 223614 221333
5000 277442 275161
6000 330442 328161
7000 383442 381161
8000 436442 434161
9000 490270 487989
10000 543270 540989
1000 63390 61109
2000 117254 114973
3000 171118 168837
4000 224118 221837
5000 277982 275701
6000 330982 328701
7000 383982 381701
8000 436982 434701
9000 490846 488565
10000 543846 541565
1000 63822 61541
2000 117722 115441
3000 171622 169341
4000 224622 222341
5000 278522 276241
6000 331522 329241
7000 384522 382241
8000 437522 435241
9000 491422 489141
10000 544422 542141
1000 64254 61973
2000 118190 115909
3000 172126 169845
4000 225126 222845
5000 279062 276781
6000 332062 329781
7000 385062 382781
8000 438062 435781
9000 491998 489717
10000 544998 542717
1000 64686 62405
2000 118658 116377
3000 172630 170349
4000 225630 223349
5000 279602 277321
6000 332602 330321
7000 385602 383321
8000 438602 436321
9000 492574 490293
10000 545574 543293
1000 65118 62837
2000 119126 116845
3000 173134 170853
4000 226134 223853
5000 280142 277861
6000 333142 330861
7000 386142 383861
8000 439142 436861
9000 493150 490869
10000 546150 543869
1000 65550 63269
2000 119594 117313
3000 173638 171357
4000 226638 224357
5000 280682 278401
6000 333682 331401
7000 386682 384401
8000 439682 437401
9000 493726 491445
10000 546726 544445
1000 65982 63701
2000 120062 117781
3000 174142 171861
4000 227142 224861
5000 281222 278941
6000 334222 331941
7000 387222 384941
8000 440222 437941
9000 494302 492021
10000 547302 545021
1000 66414 64133
2000 120530 118249
3000 174646 172365
4000 227646 225365
5000 281762 279481
6000 334762 332481
7000 387762 385481
8000 440762 438481
9000 494878 492597
10000 547878 545597
1000 66846 64565
2000 120998 118717
3000 175150 172869
4000 228150 225869
5000 282302 280021
6000 335302 333021
7000 388302 386021
8000 441302 439021
9000 495454 493173
10000 548454 546173
1000 67278 64997
2000 121466 119185
3000 175654 173373
4000 228654 226373
5000 282842 280561
6000 335842 333561
7000 388842 386561
8000 441842 439561
9000 496030 493749
10000 549030 546749
1000 67710 65429
2000 121934 119653
3000 176158 173877
4000 229158 226877
5000 283382 281101
6000 336382 334101
7000 389382 387101
8000 442382 440101
9000 496606 494325
10000 549606 547325
1000 68142 65861
2000 122402 120121
3000 176662 174381
4000 229662 227381
5000 283922 281641
6000 336922 334641
7000 389922 387641
8000 442922 440641
9000 497182 494901
10000 550182 547901
1000 68574 66293
2000 122870 120589
3000 177166 174885
4000 230166 227885
5000 284462 282181
6000 337462 335181
7000 390462 388181
8000 443462 441181
9000 497758 495477
10000 550758 548477
1000 69006 66725
2000 123338 121057
3000 177670 175389
4000 230670 228389
5000 285002 282721
6000 338002 335721
7000 391002 388721
8000 444002 441721
9000 498334 496053
10000 551334 549053
1000 69438 67157
2000 123806 121525
3000 178174 175893
4000 231174 228893
5000 285542 283261
6000 338542 336261
7000 391542 389261
8000 444542 442261
9000 498910 496629
10000 551910 549629
1000 69870 67589
2000 124274 121993
3000 178678 176397
4000 231678 229397
5000 286082 283801
6000 339082 336801
7000 392082 389801
8000 445082 442801
9000 499486 497205
10000 552486 550205
1000 70302 68021
2000 124742 122461
3000 179182 176901
4000 232182 229901
5000 286622 284341
6000 339622 337341
7000 392622 390341
8000 445622 443341
9000 500062 497781
10000 553062 550781
1000 70734 68453
2000 125210 122929
3000 179686 177405
4000 232686 230405
5000 287162 284881
6000 340162 337881
7000 393162 390881
8000 446162 443881
9000 500638 498357
10000 553638 551357
1000 71166 68885
2000 125678 123397
3000 180190 177909
4000 233190 230909
5000 287702 285421
6000 340702 338421
7000 393702 391421
8000 446702 444421
9000 501214 498933
10000 554214 551933
1000 71598 69317
2000 126146 123865
3000 180694 178413
4000 233694 231413
5000 288242 285961
6000 341242 338961
7000 394242 391961
8000 447242 444961
9000 501790 499509
10000 554790 552509
1000 72030 69749
2000 126614 124333
3000 181198 178917
4000 234198 231917
5000 288782 286501
6000 341782 339501
7000 394782 392501
8000 447782 445501
9000 502366 500085
10000 555366 553085
1000 72462 70181
2000 127082 124801
3000 181702 179421
4000 234702 232421
5000 289322 287041
6000 342322 340041
7000 395322 393041
8000 448322 446041
9000 502942 500661
10000 555942 553661
1000 72894 70613
2000 127550 125269
3000 182206 179925
4000 235206 232925
5000 289862 287581
6000 342862 340581
7000 395862 393581
8000 448862 446581
9000 503518 501237
10000 556518 554237
1000 73326 71045
2000 128018 125737
3000 182710 180429
4000 235710 233429
5000 290402 288121
6000 343402 341121
7000 396402 394121
8000 449402 447121
9000 504094 501813
10000 557094 554813
1000 73758 71477
2000 128486 126205
3000 183214 180933
4000 236214 233933
5000 290942 288661
6000 343942 341661
7000 396942 394661
8000 449942 447661
9000 504670 502389
10000 557670 555389
1000 74190 71909
2000 128954 126673
3000 183718 181437
4000 236718 234437
5000 291482 289201
6000 344482 342201
7000 397482 395201
8000 450482 448201
9000 505246 502965
10000 558246 555965
1000 74622 72341
2000 129422 127141
3000 184222 181941
4000 237222 234941
5000 292022 289741
6000 345022 342741
7000 398022 395741
8000 451022 448741
9000 505822 503541
10000 558822 556541
1000 75054 72773
2000 129890 127609
3000 184726 182445
4000 237726 235445
5000 292562 290281
6000 345562 343281
7000 398562 396281
8000 451562 449281
9000 506398 504117
10000 559398 557117
1000 75486 73205
2000 130358 128077
3000 185230 182949
4000 238230 235949
5000 293102 290821
6000 346102 343821
7000 399102 396821
8000 452102 449821
9000 506974 504693
10000 559974 557693
1000 75918 73637
2000 130826 128545
3000 185734 183453
4000 238734 236453
5000 293642 291361
6000 346642 344361
7000 399642 397361
8000 452642 450361
9000 507550 505269
10000 560550 558269
1000 76350 74069
2000 131294 129013
3000 186238 183957
4000 239238 236957
5000 294182 291901
6000 347182 344901
7000 400182 397901
8000 453182 450901
9000 508126 505845
10000 561126 558845
1000 76782 74501
2000 131762 129481
3000 186742 184461
4000 239742 237461
5000 294722 292441
6000 347722 345441
7000 400722 398441
8000 453722 451441
9000 508702 506421
10000 561702 559421
1000 77214 74933
2000 132230 129949
3000 187246 184965
4000 240246 237965
5000 295262 292981
6000 348262 345981
7000 401262 398981
8000 454262 451981
9000 509278 506997
10000 562278 559997
1000 77646 75365
2000 132698 130417
3000 187750 185469
4000 240750 238469
5000 295802 293521
6000 348802 346521
7000 401802 399521
8000 454802 452521
9000 509854 507573
10000 562854 560573
1000 78078 75797
2000 133166 130885
3000 188254 185973
4000 241254 238973
5000 296342 294061
6000 349342 347061
7000 402342 400061
8000 455342 453061
9000 510430 508149
10000 563430 561149
1000 78510 76229
2000 133634 131353
3000 188758 186477
4000 241758 239477
5000 296882 294601
6000 349882 347601
7000 402882 400601
8000 455882 453601
9000 511006 508725
10000 564006 561725
1000 78942 76661
2000 134102 131821
3000 189262 186981
4000 242262 239981
5000 297422 295141
6000 350422 348141
7000 403422 401141
8000 456422 454141
9000 511582 509301
10000 564582 562301
1000 79374 77093
2000 134570 132289
3000 189766 187485
4000 242766 240485
5000 297962 295681
6000 350962 348681
7000 403962 401681
8000 456962 454681
9000 512158 509877
10000 565158 562877
1000 79806 77525
2000 135038 132757
3000 190270 187989
4000 243270 240989
5000 298502 296221
6000 351502 349221
7000 404502 402221
8000 457502 455221
9000 512734 510453
10000 565734 563453
1000 80238 77957
2000 135506 133225
3000 190774 188493
4000 243774 241493
5000 299042 296761
6000 352042 349761
7000 405042 402761
8000 458042 455761
9000 513310 511029
10000 566310 564029
1000 80670 78389
2000 135974 133693
3000 191278 188997
4000 244278 241997
5000 299582 297301
6000 352582 350301
7000 405582 403301
8000 458582 456301
9000 513886 511605
10000 566886 564605
1000 81102 78821
2000 136442 134161
3000 191782 189501
4000 244782 242501
5000 300122 297841
6000 353122 350841
7000 406122 403841
8000 459122 456841
9000 514462 512181
10000 567462 565181
1000 81534 79253
2000 136910 134629
3000 192286 190005
4000 245286 243005
5000 300662 298381
6000 353662 351381
7000 406662 404381
8000 459662 457381
9000 515038 512757
10000 568038 565757
1000 81966 79685
2000 137378 135097
3000 192790 190509
4000 245790 243509
5000 301202 298921
6000 354202 351921
7000 407202 404921
8000 460202 457921
9000 515614 513333
10000 568614 566333
1000 82398 80117
2000 137846 135565
3000 193294 191013
4000 246294 244013
5000 301742 299461
6000 354742 352461
7000 407742 405461
8000 460742 458461
9000 516190 513909
10000 569190 566909
1000 82830 80549
2000 138314 136033
3000 193798 191517
4000 246798 244517
5000 302282 300001
6000 355282 353001
7000 408282 406001
8000 461282 459001
9000 516766 514485
10000 569766 567485
1000 83262 80981
2000 138782 136501
3000 194302 192021
4000 247302 245021
5000 302822 300541
6000 355822 353541
7000 408822 406541
8000 461822 459541
9000 517342 515061
10000 570342 568061
1000 83694 81413
2000 139250 136969
3000 194806 192525
4000 247806 245525
5000 303362 301081
6000 356362 354081
7000 409362 407081
8000 462362 460081
9000 517918 515637
10000 570918 568637
1000 84126 81845
2000 139718 137437
3000 195310 193029
4000 248310 246029
5000 303902 301621
6000 356902 354621
7000 409902 407621
8000 462902 460621
9000 518494 516213
10000 571494 569213
1000 84558 82277
2000 140186 137905
3000 195814 193533
4000 248814 246533
5000 304442 302161
6000 357442 355161
7000 410442 408161
8000 463442 461161
9000 519070 516789
10000 572070 569789
1000 84990 82709
2000 140654 138373
3000 196318 194037
4000 249318 247037
5000 304982 302701
6000 357982 355701
7000 410982 408701
8000 463982 461701
9000 519646 517365
10000 572646 570365
1000 85422 83141
2000 141122 138841
3000 196822 194541
4000 249822 247541
5000 305522 303241
6000 358522 356241
7000 411522 409241
8000 464522 462241
9000 520222 517941
10000 573222 570941
1000 85854 83573
2000 141590 139309
3000 197326 195045
4000 250326 248045
5000 306062 303781
6000 359062 356781
7000 412062 409781
8000 465062 462781
9000 520798 518517
10000 573798 571517
1000 86286 84005
2000 142058 139777
3000 197830 195549
4000 250830 248549
5000 306602 304321
6000 359602 357321
7000 412602 410321
8000 465602 463321
9000 521374 519093
10000 574374 572093
1000 86718 84437
2000 142526 140245
3000 198334 196053
4000 251334 249053
5000 307142 304861
6000 360142 357861
7000 413142 410861
8000 466142 463861
9000 521950 519669
10000 574950 572669
1000 87150 84869
2000 142994 140713
3000 198838 196557
4000 251838 249557
5000 307682 305401
6000 360682 358401
7000 413682 411401
8000 466682 464401
9000 522526 520245
10000 575526 573245
1000 87582 85301
2000 143462 141181
3000 199342 197061
4000 252342 250061
5000 308222 305941
6000 361222 358941
7000 414222 411941
8000 467222 464941
9000 523102 520821
10000 576102 573821
1000 88014 85733
2000 143930 141649
3000 199846 197565
4000 252846 250565
5000 308762 306481
6000 361762 359481
7000 414762 412481
8000 467762 465481
9000 523678 521397
10000 576678 574397
1000 88446 86165
2000 144398 142117
3000 200350 198069
4000 253350 251069
5000 309302 307021
6000 362302 360021
7000 415302 413021
8000 468302 466021
9000 524254 521973
10000 577254 574973
1000 88878 86597
2000 144866 142585
3000 200854 198573
4000 253854 251573
5000 309842 307561
6000 362842 360561
7000 415842 413561
8000 468842 466561
9000 524830 522549
10000 577830 575549
1000 89310 87029
2000 145334 143053
3000 201358 199077
4000 254358 252077
5000 310382 308101
6000 363382 361101
7000 416382 414101
8000 469382 467101
9000 525406 523125
10000 578406 576125
1000 89742 87461
2000 145802 143521
3000 201862 199581
4000 254862 252581
5000 310922 308641
6000 363922 361641
7000 416922 414641
8000 469922 467641
9000 525982 523701
10000 578982 576701
1000 90174 87893
2000 146270 143989
3000 202366 200085
4000 255366 253085
5000 311462 309181
6000 364462 362181
7000 417462 415181
8000 470462 468181
9000 526558 524277
10000 579558 577277
1000 90606 88325
2000 146738 144457
3000 202870 200589
4000 255870 253589
5000 312002 309721
6000 365002 362721
7000 418002 415721
8000 471002 468721
9000 527134 524853
10000 580134 577853
1000 91038 88757
2000 147206 144925
3000 203374 201093
4000 256374 254093
5000 312542 310261
6000 365542 363261
7000 418542 416261
8000 471542 469261
9000 527710 525429
10000 580710 578429
1000 91470 89189
2000 147674 145393
3000 203878 201597
4000 256878 254597
5000 313082 310801
6000 366082 363801
7000 419082 416801
8000 472082 469801
9000 528286 526005
10000 581286 579005
1000 91902 89621
2000 148142 145861
3000 204382 202101
4000 257382 255101
5000 313622 311341
6000 366622 364341
7000 419622 417341
8000 472622 470341
9000 528862 526581
10000 581862 579581
1000 92334 90053
2000 148610 146329
3000 204886 202605
4000 257886 255605
5000 314162 311881
6000 367162 364881
7000 420162 417881
8000 473162 470881
9000 529438 527157
10000 582438 580157
1000 92766 90485
2000 149078 146797
3000 205390 203109
4000 258390 256109
5000 314702 312421
6000 367702 365421
7000 420702 418421
8000 473702 471421
9000 530014 527733
10000 583014 580733
1000 93198 90917
2000 149546 147265
3000 205894 203613
4000 258894 256613
5000 315242 312961
6000 368242 365961
7000 421242 418961
8000 474242 471961
9000 530590 528309
10000 583590 581309
1000 93630 91349
2000 150014 147733
3000 206398 204117
4000 259398 257117
5000 315782 313501
6000 368782 366501
7000 421782 419501
8000 474782 472501
9000 531166 528885
10000 584166 581885
1000 94062 91781
2000 150482 148201
3000 206902 204621
4000 259902 257621
5000 316322 314041
6000 369322 367041
7000 422322 420041
8000 475322 473041
9000 531742 529461
10000 584742 582461
1000 94494 92213
2000 150950 148669
3000 207406 205125
4000 260406 258125
5000 316862 314581
6000 369862 367581
7000 422862 420581
8000 475862 473581
9000 532318 530037
10000 585318 583037
1000 94926 92645
2000 151418 149137
3000 207910 205629
4000 260910 258629
5000 317402 315121
6000 370402 368121
7000 423402 421121
8000 476402 474121
9000 532894 530613
10000 585894 583613
1000 95358 93077
2000 151886 149605
3000 208414 206133
4000 261414 259133
5000 317942 315661
6000 370942 368661
7000 423942 421661
8000 476942 474661
9000 533470 531189
10000 586470 584189
1000 95790 93509
2000 152354 150073
3000 208918 206637
4000 261918 259637
5000 318482 316201
6000 371482 369201
7000 424482 422201
8000 477482 475201
9000 534046 531765
10000 587046 584765
1000 96222 93941
2000 152822 150541
3000 209422 207141
4000 262422 260141
5000 319022 316741
6000 372022 369741
7000 425022 422741
8000 478022 475741
9000 534622 532341
10000 587622 585341
