0 40
1 41
2 41
3 41
4 41
5 41
6 41
7 41
8 41
9 41
10 41
11 40
12 41
13 41
14 41
15 41
16 41
17 41
18 41
19 41
20 41
21 41
22 41
23 41
24 41
25 41
26 41
27 41
28 41
29 41
30 41
31 41
32 40
33 41
34 41
35 41
36 41
37 41
38 41
39 41
40 41
41 41
42 41
43 41
44 41
45 41
46 41
47 41
48 41
49 41
50 41
51 41
52 41
53 41
54 41
55 41
56 41
57 41
58 41
59 41
60 41
61 41
62 41
63 40
64 41
65 41
66 41
67 41
68 41
69 41
70 41
71 41
72 41
73 41
74 41
75 41
76 41
77 41
78 41
79 41
80 41
81 41
82 41
83 41
84 41
85 41
86 41
87 41
88 41
89 41
90 41
91 41
92 41
93 41
94 41
95 41
96 41
97 41
98 41
99 41
100 41
101 41
102 41
103 41
104 40
105 41
106 41
107 41
108 41
109 41
110 41
111 41
112 41
113 41
114 41
115 41
116 41
117 41
118 41
119 41
120 41
121 41
122 41
123 41
124 41
125 41
126 41
127 41
128 41
129 41
130 41
131 41
132 41
133 41
134 41
135 41
136 41
137 41
138 41
139 41
140 41
141 41
142 41
143 41
144 41
145 41
146 41
147 41
148 41
149 41
150 41
151 41
152 41
153 41
154 41
155 40
156 41
157 41
158 41
159 41
160 41
161 41
162 41
163 41
164 41
165 41
166 41
167 41
168 41
169 41
170 41
171 41
172 41
173 41
174 41
175 41
176 41
177 41
178 41
179 41
180 41
181 41
182 41
183 41
184 41
185 41
186 41
187 41
188 41
189 41
190 41
191 41
192 41
193 41
194 41
195 41
196 41
197 41
198 41
199 41
200 41
201 41
202 41
203 41
204 41
205 41
206 41
207 41
208 41
209 41
210 41
211 41
212 41
213 41
214 41
215 41
216 40
217 41
218 41
219 41
220 41
221 41
222 41
223 41
224 41
225 41
226 41
227 41
228 41
229 41
230 41
231 41
232 41
233 41
234 41
235 41
236 41
237 41
238 41
239 41
240 41
241 41
242 41
243 41
244 41
245 41
246 41
247 41
248 41
249 41
250 41
251 41
252 41
253 41
254 41
255 41
256 41
257 41
258 41
259 41
260 41
261 41
262 41
263 41
264 41
265 41
266 41
267 41
268 41
269 41
270 41
271 41
272 41
273 41
274 41
275 41
276 41
277 41
278 41
279 41
280 41
281 41
282 41
283 41
284 41
285 41
286 41
287 40
288 41
289 41
290 41
291 41
292 41
293 41
294 41
295 41
296 41
297 41
298 41
299 41
300 41
301 41
302 41
303 41
304 41
305 41
306 41
307 41
308 41
309 41
310 41
311 41
312 41
313 41
314 41
315 41
316 41
317 41
318 41
319 41
320 41
321 41
322 41
323 41
324 41
325 41
326 41
327 41
328 41
329 41
330 41
331 41
332 41
333 41
334 41
335 41
336 41
337 41
338 41
339 41
340 41
341 41
342 41
343 41
344 41
345 41
346 41
347 41
348 41
349 41
350 41
351 41
352 41
353 41
354 41
355 41
356 41
357 41
358 41
359 41
360 41
361 41
362 41
363 41
364 41
365 41
366 41
367 41
368 40
369 41
370 41
371 41
372 41
373 41
374 41
375 41
376 41
377 41
378 41
379 41
380 41
381 41
382 41
383 41
384 41
385 41
386 41
387 41
388 41
389 41
390 41
391 41
392 41
393 41
394 41
395 41
396 41
397 41
398 41
399 41
400 41
401 41
402 41
403 41
404 41
405 41
406 41
407 41
408 41
409 41
410 41
411 41
412 41
413 41
414 41
415 41
416 41
417 41
418 41
419 41
420 41
421 41
422 41
423 41
424 41
425 41
426 41
427 41
428 41
429 41
430 41
431 41
432 41
433 41
434 41
435 41
436 41
437 41
438 41
439 41
440 41
441 41
442 41
443 41
444 41
445 41
446 41
447 41
448 41
449 41
450 41
451 41
452 41
453 41
454 41
455 41
456 41
457 41
458 41
459 40
460 41
461 41
462 41
463 41
464 41
465 41
466 41
467 41
468 41
469 41
470 41
471 41
472 41
473 41
474 41
475 41
476 41
477 41
478 41
479 41
480 41
481 41
482 41
483 41
484 41
485 41
486 41
487 41
488 41
489 41
490 41
491 41
492 41
493 41
494 41
495 41
496 41
497 41
498 41
499 41
500 41
501 41
502 41
503 41
504 41
505 41
506 41
507 41
508 41
509 41
510 41
511 41
512 41
513 41
514 41
515 41
516 41
517 41
518 41
519 41
520 41
521 41
522 41
523 41
524 41
525 41
526 41
527 41
528 41
529 41
530 41
531 41
532 41
533 41
534 41
535 41
536 41
537 41
538 41
539 41
540 41
541 41
542 41
543 41
544 41
545 41
546 41
547 41
548 41
549 41
550 41
551 41
552 41
553 41
554 41
555 41
556 41
557 41
558 41
559 41
560 40
561 41
562 41
563 41
564 41
565 41
566 41
567 41
568 41
569 41
570 41
571 41
572 41
573 41
574 41
575 41
576 41
577 41
578 41
579 41
580 41
581 41
582 41
583 41
584 41
585 41
586 41
587 41
588 41
589 41
590 41
591 41
592 41
593 41
594 41
595 41
596 41
597 41
598 41
599 41
600 41
601 41
602 41
603 41
604 41
605 41
606 41
607 41
608 41
609 41
610 41
611 41
612 41
613 41
614 41
615 41
616 41
617 41
618 41
619 41
620 41
621 41
622 41
623 41
624 41
625 41
626 41
627 41
628 41
629 41
630 41
631 41
632 41
633 41
634 41
635 41
636 41
637 41
638 41
639 41
640 41
641 41
642 41
643 41
644 41
645 41
646 41
647 41
648 41
649 41
650 41
651 41
652 41
653 41
654 41
655 41
656 41
657 41
658 41
659 41
660 41
661 41
662 41
663 41
664 41
665 41
666 41
667 41
668 41
669 41
670 41
671 40
672 41
673 41
674 41
675 41
676 41
677 41
678 41
679 41
680 41
681 41
682 41
683 41
684 41
685 41
686 41
687 41
688 41
689 41
690 41
691 41
692 41
693 41
694 41
695 41
696 41
697 41
698 41
699 41
700 41
701 41
702 41
703 41
704 41
705 41
706 41
707 41
708 41
709 41
710 41
711 41
712 41
713 41
714 41
715 41
716 41
717 41
718 41
719 41
720 41
721 41
722 41
723 41
724 41
725 41
726 41
727 41
728 41
729 41
730 41
731 41
732 41
733 41
734 41
735 41
736 41
737 41
738 41
739 41
740 41
741 41
742 41
743 41
744 41
745 41
746 41
747 41
748 41
749 41
750 41
751 41
752 41
753 41
754 41
755 41
756 41
757 41
758 41
759 41
760 41
761 41
762 41
763 41
764 41
765 41
766 41
767 41
768 41
769 41
770 41
771 41
772 41
773 41
774 41
775 41
776 41
777 41
778 41
779 41
780 41
781 41
782 41
783 41
784 41
785 41
786 41
787 41
788 41
789 41
790 41
791 41
792 40
793 41
794 41
795 41
796 41
797 41
798 41
799 41
800 41
801 41
802 41
803 41
804 41
805 41
806 41
807 41
808 41
809 41
810 41
811 41
812 41
813 41
814 41
815 41
816 41
817 41
818 41
819 41
820 41
821 41
822 41
823 41
824 41
825 41
826 41
827 41
828 41
829 41
830 41
831 41
832 41
833 41
834 41
835 41
836 41
837 41
838 41
839 41
840 41
841 41
842 41
843 41
844 41
845 41
846 41
847 41
848 41
849 41
850 41
851 41
852 41
853 41
854 41
855 41
856 41
857 41
858 41
859 41
860 41
861 41
862 41
863 41
864 41
865 41
866 41
867 41
868 41
869 41
870 41
871 41
872 41
873 41
874 41
875 41
876 41
877 41
878 41
879 41
880 41
881 41
882 41
883 41
884 41
885 41
886 41
887 41
888 41
889 41
890 41
891 41
892 41
893 41
894 41
895 41
896 41
897 41
898 41
899 41
900 41
901 41
902 41
903 41
904 41
905 41
906 41
907 41
908 41
909 41
910 41
911 41
912 41
913 41
914 41
915 41
916 41
917 41
918 41
919 41
920 41
921 41
922 41
923 40
924 41
925 41
926 41
927 41
928 41
929 41
930 41
931 41
932 41
933 41
934 41
935 41
936 41
937 41
938 41
939 41
940 41
941 41
942 41
943 41
944 41
945 41
946 41
947 41
948 41
949 41
950 41
951 41
952 41
953 41
954 41
955 41
956 41
957 41
958 41
959 41
960 41
961 41
962 41
963 41
964 41
965 41
966 41
967 41
968 41
969 41
970 41
971 41
972 41
973 41
974 41
975 41
976 41
977 41
978 41
979 41
980 41
981 41
982 41
983 41
984 41
985 41
986 41
987 41
988 41
989 41
990 41
991 41
992 41
993 41
994 41
995 41
996 41
997 41
998 41
999 41
1000 41
1001 41
1002 41
1003 41
1004 41
1005 41
1006 41
1007 41
1008 41
1009 41
1010 41
1011 41
1012 41
1013 41
1014 41
1015 41
1016 41
1017 41
1018 41
1019 41
1020 41
1021 41
1022 41
1023 41
1024 41
1025 41
1026 41
1027 41
1028 41
1029 41
1030 41
1031 41
1032 41
1033 41
1034 41
1035 41
1036 41
1037 41
1038 41
1039 41
1040 41
1041 41
1042 41
1043 41
1044 41
1045 41
1046 41
1047 41
1048 41
1049 41
1050 41
1051 41
1052 41
1053 41
1054 41
1055 41
1056 41
1057 41
1058 41
1059 41
1060 41
1061 41
1062 41
1063 41
1064 40
1065 41
1066 41
1067 41
1068 41
1069 41
1070 41
1071 41
1072 41
1073 41
1074 41
1075 41
1076 41
1077 41
1078 41
1079 41
1080 41
1081 41
1082 41
1083 41
1084 41
1085 41
1086 41
1087 41
1088 41
1089 41
1090 41
1091 41
1092 41
1093 41
1094 41
1095 41
1096 41
1097 41
1098 41
1099 41
1100 41
1101 41
1102 41
1103 41
1104 41
1105 41
1106 41
1107 41
1108 41
1109 41
1110 41
1111 41
1112 41
1113 41
1114 41
1115 41
1116 41
1117 41
1118 41
1119 41
1120 41
1121 41
1122 41
1123 41
1124 41
1125 41
1126 41
1127 41
1128 41
1129 41
1130 41
1131 41
1132 41
1133 41
1134 41
1135 41
1136 41
1137 41
1138 41
1139 41
1140 41
1141 41
1142 41
1143 41
1144 41
1145 41
1146 41
1147 41
1148 41
1149 41
1150 41
1151 41
1152 41
1153 41
1154 41
1155 41
1156 41
1157 41
1158 41
1159 41
1160 41
1161 41
1162 41
1163 41
1164 41
1165 41
1166 41
1167 41
1168 41
1169 41
1170 41
1171 41
1172 41
1173 41
1174 41
1175 41
1176 41
1177 41
1178 41
1179 41
1180 41
1181 41
1182 41
1183 41
1184 41
1185 41
1186 41
1187 41
1188 41
1189 41
1190 41
1191 41
1192 41
1193 41
1194 41
1195 41
1196 41
1197 41
1198 41
1199 41
1200 41
1201 41
1202 41
1203 41
1204 41
1205 41
1206 41
1207 41
1208 41
1209 41
1210 41
1211 41
1212 41
1213 41
1214 41
1215 40
1216 41
1217 41
1218 41
1219 41
1220 41
1221 41
1222 41
1223 41
1224 41
1225 41
1226 41
1227 41
1228 41
1229 41
1230 41
1231 41
1232 41
1233 41
1234 41
1235 41
1236 41
1237 41
1238 41
1239 41
1240 41
1241 41
1242 41
1243 41
1244 41
1245 41
1246 41
1247 41
1248 41
1249 41
1250 41
1251 41
1252 41
1253 41
1254 41
1255 41
1256 41
1257 41
1258 41
1259 41
1260 41
1261 41
1262 41
1263 41
1264 41
1265 41
1266 41
1267 41
1268 41
1269 41
1270 41
1271 41
1272 41
1273 41
1274 41
1275 41
1276 41
1277 41
1278 41
1279 41
1280 41
1281 41
1282 41
1283 41
1284 41
1285 41
1286 41
1287 41
1288 41
1289 41
1290 41
1291 41
1292 41
1293 41
1294 41
1295 41
1296 41
1297 41
1298 41
1299 41
1300 41
1301 41
1302 41
1303 41
1304 41
1305 41
1306 41
1307 41
1308 41
1309 41
1310 41
1311 41
1312 41
1313 41
1314 41
1315 41
1316 41
1317 41
1318 41
1319 41
1320 41
1321 41
1322 41
1323 41
1324 41
1325 41
1326 41
1327 41
1328 41
1329 41
1330 41
1331 41
1332 41
1333 41
1334 41
1335 41
1336 41
1337 41
1338 41
1339 41
1340 41
1341 41
1342 41
1343 41
1344 41
1345 41
1346 41
1347 41
1348 41
1349 41
1350 41
1351 41
1352 41
1353 41
1354 41
1355 41
1356 41
1357 41
1358 41
1359 41
1360 41
1361 41
1362 41
1363 41
1364 41
1365 41
1366 41
1367 41
1368 41
1369 41
1370 41
1371 41
1372 41
1373 41
1374 41
1375 41
1376 40
1377 41
1378 41
1379 41
1380 41
1381 41
1382 41
1383 41
1384 41
1385 41
1386 41
1387 41
1388 41
1389 41
1390 41
1391 41
1392 41
1393 41
1394 41
1395 41
1396 41
1397 41
1398 41
1399 41
1400 41
1401 41
1402 41
1403 41
1404 41
1405 41
1406 41
1407 41
1408 41
1409 41
1410 41
1411 41
1412 41
1413 41
1414 41
1415 41
1416 41
1417 41
1418 41
1419 41
1420 41
1421 41
1422 41
1423 41
1424 41
1425 41
1426 41
1427 41
1428 41
1429 41
1430 41
1431 41
1432 41
1433 41
1434 41
1435 41
1436 41
1437 41
1438 41
1439 41
1440 41
1441 41
1442 41
1443 41
1444 41
1445 41
1446 41
1447 41
1448 41
1449 41
1450 41
1451 41
1452 41
1453 41
1454 41
1455 41
1456 41
1457 41
1458 41
1459 41
1460 41
1461 41
1462 41
1463 41
1464 41
1465 41
1466 41
1467 41
1468 41
1469 41
1470 41
1471 41
1472 41
1473 41
1474 41
1475 41
1476 41
1477 41
1478 41
1479 41
1480 41
1481 41
1482 41
1483 41
1484 41
1485 41
1486 41
1487 41
1488 41
1489 41
1490 41
1491 41
1492 41
1493 41
1494 41
1495 41
1496 41
1497 41
1498 41
1499 41
1500 41
1501 41
1502 41
1503 41
1504 41
1505 41
1506 41
1507 41
1508 41
1509 41
1510 41
1511 41
1512 41
1513 41
1514 41
1515 41
1516 41
1517 41
1518 41
1519 41
1520 41
1521 41
1522 41
1523 41
1524 41
1525 41
1526 41
1527 41
1528 41
1529 41
1530 41
1531 41
1532 41
1533 41
1534 41
1535 41
1536 41
1537 41
1538 41
1539 41
1540 41
1541 41
1542 41
1543 41
1544 41
1545 41
1546 41
1547 40
1548 41
1549 41
1550 41
1551 41
1552 41
1553 41
1554 41
1555 41
1556 41
1557 41
1558 41
1559 41
1560 41
1561 41
1562 41
1563 41
1564 41
1565 41
1566 41
1567 41
1568 41
1569 41
1570 41
1571 41
1572 41
1573 41
1574 41
1575 41
1576 41
1577 41
1578 41
1579 41
1580 41
1581 41
1582 41
1583 41
1584 41
1585 41
1586 41
1587 41
1588 41
1589 41
1590 41
1591 41
1592 41
1593 41
1594 41
1595 41
1596 41
1597 41
1598 41
1599 41
1600 41
1601 41
1602 41
1603 41
1604 41
1605 41
1606 41
1607 41
1608 41
1609 41
1610 41
1611 41
1612 41
1613 41
1614 41
1615 41
1616 41
1617 41
1618 41
1619 41
1620 41
1621 41
1622 41
1623 41
1624 41
1625 41
1626 41
1627 41
1628 41
1629 41
1630 41
1631 41
1632 41
1633 41
1634 41
1635 41
1636 41
1637 41
1638 41
1639 41
1640 41
1641 41
1642 41
1643 41
1644 41
1645 41
1646 41
1647 41
1648 41
1649 41
1650 41
1651 41
1652 41
1653 41
1654 41
1655 41
1656 41
1657 41
1658 41
1659 41
1660 41
1661 41
1662 41
1663 41
1664 41
1665 41
1666 41
1667 41
1668 41
1669 41
1670 41
1671 41
1672 41
1673 41
1674 41
1675 41
1676 41
1677 41
1678 41
1679 41
1680 41
1681 41
1682 41
1683 41
1684 41
1685 41
1686 41
1687 41
1688 41
1689 41
1690 41
1691 41
1692 41
1693 41
1694 41
1695 41
1696 41
1697 41
1698 41
1699 41
1700 41
1701 41
1702 41
1703 41
1704 41
1705 41
1706 41
1707 41
1708 41
1709 41
1710 41
1711 41
1712 41
1713 41
1714 41
1715 41
1716 41
1717 41
1718 41
1719 41
1720 41
1721 41
1722 41
1723 41
1724 41
1725 41
1726 41
1727 41
1728 40
1729 41
1730 41
1731 41
1732 41
1733 41
1734 41
1735 41
1736 41
1737 41
1738 41
1739 41
1740 41
1741 41
1742 41
1743 41
1744 41
1745 41
1746 41
1747 41
1748 41
1749 41
1750 41
1751 41
1752 41
1753 41
1754 41
1755 41
1756 41
1757 41
1758 41
1759 41
1760 41
1761 41
1762 41
1763 41
1764 41
1765 41
1766 41
1767 41
1768 41
1769 41
1770 41
1771 41
1772 41
1773 41
1774 41
1775 41
1776 41
1777 41
1778 41
1779 41
1780 41
1781 41
1782 41
1783 41
1784 41
1785 41
1786 41
1787 41
1788 41
1789 41
1790 41
1791 41
1792 41
1793 41
1794 41
1795 41
1796 41
1797 41
1798 41
1799 41
1800 41
1801 41
1802 41
1803 41
1804 41
1805 41
1806 41
1807 41
1808 41
1809 41
1810 41
1811 41
1812 41
1813 41
1814 41
1815 41
1816 41
1817 41
1818 41
1819 41
1820 41
1821 41
1822 41
1823 41
1824 41
1825 41
1826 41
1827 41
1828 41
1829 41
1830 41
1831 41
1832 41
1833 41
1834 41
1835 41
1836 41
1837 41
1838 41
1839 41
1840 41
1841 41
1842 41
1843 41
1844 41
1845 41
1846 41
1847 41
1848 41
1849 41
1850 41
1851 41
1852 41
1853 41
1854 41
1855 41
1856 41
1857 41
1858 41
1859 41
1860 41
1861 41
1862 41
1863 41
1864 41
1865 41
1866 41
1867 41
1868 41
1869 41
1870 41
1871 41
1872 41
1873 41
1874 41
1875 41
1876 41
1877 41
1878 41
1879 41
1880 41
1881 41
1882 41
1883 41
1884 41
1885 41
1886 41
1887 41
1888 41
1889 41
1890 41
1891 41
1892 41
1893 41
1894 41
1895 41
1896 41
1897 41
1898 41
1899 41
1900 41
1901 41
1902 41
1903 41
1904 41
1905 41
1906 41
1907 41
1908 41
1909 41
1910 41
1911 41
1912 41
1913 41
1914 41
1915 41
1916 41
1917 41
1918 41
1919 40
1920 41
1921 41
1922 41
1923 41
1924 41
1925 41
1926 41
1927 41
1928 41
1929 41
1930 41
1931 41
1932 41
1933 41
1934 41
1935 41
1936 41
1937 41
1938 41
1939 41
1940 41
1941 41
1942 41
1943 41
1944 41
1945 41
1946 41
1947 41
1948 41
1949 41
1950 41
1951 41
1952 41
1953 41
1954 41
1955 41
1956 41
1957 41
1958 41
1959 41
1960 41
1961 41
1962 41
1963 41
1964 41
1965 41
1966 41
1967 41
1968 41
1969 41
1970 41
1971 41
1972 41
1973 41
1974 41
1975 41
1976 41
1977 41
1978 41
1979 41
1980 41
1981 41
1982 41
1983 41
1984 41
1985 41
1986 41
1987 41
1988 41
1989 41
1990 41
1991 41
1992 41
1993 41
1994 41
1995 41
1996 41
1997 41
1998 41
1999 41
2000 41
2001 41
2002 41
2003 41
2004 41
2005 41
2006 41
2007 41
2008 41
2009 41
2010 41
2011 41
2012 41
2013 41
2014 41
2015 41
2016 41
2017 41
2018 41
2019 41
2020 41
2021 41
2022 41
2023 41
2024 41
2025 41
2026 41
2027 41
2028 41
2029 41
2030 41
2031 41
2032 41
2033 41
2034 41
2035 41
2036 41
2037 41
2038 41
2039 41
2040 41
2041 41
2042 41
2043 41
2044 41
2045 41
2046 41
2047 41
2048 41
2049 41
2050 41
2051 41
2052 41
2053 41
2054 41
2055 41
2056 41
2057 41
2058 41
2059 41
2060 41
2061 41
2062 41
2063 41
2064 41
2065 41
2066 41
2067 41
2068 41
2069 41
2070 41
2071 41
2072 41
2073 41
2074 41
2075 41
2076 41
2077 41
2078 41
2079 41
2080 41
2081 41
2082 41
2083 41
2084 41
2085 41
2086 41
2087 41
2088 41
2089 41
2090 41
2091 41
2092 41
2093 41
2094 41
2095 41
2096 41
2097 41
2098 41
2099 41
2100 41
2101 41
2102 41
2103 41
2104 41
2105 41
2106 41
2107 41
2108 41
2109 41
2110 41
2111 41
2112 41
2113 41
2114 41
2115 41
2116 41
2117 41
2118 41
2119 41
